 -4.000000000000000E-006    0.000000000000000E+000
 -3.951171875000000E-006    0.000000000000000E+000
 -3.902343750000000E-006    0.000000000000000E+000
 -3.853515625000000E-006    0.000000000000000E+000
 -3.804687500000000E-006    0.000000000000000E+000
 -3.755859375000000E-006    0.000000000000000E+000
 -3.707031250000000E-006    0.000000000000000E+000
 -3.658203125000000E-006    0.000000000000000E+000
 -3.609375000000000E-006    0.000000000000000E+000
 -3.560546875000000E-006    0.000000000000000E+000
 -3.511718750000000E-006    0.000000000000000E+000
 -3.462890625000000E-006    0.000000000000000E+000
 -3.414062500000000E-006    0.000000000000000E+000
 -3.365234375000000E-006    0.000000000000000E+000
 -3.316406250000000E-006    0.000000000000000E+000
 -3.267578125000000E-006    0.000000000000000E+000
 -3.218750000000000E-006    0.000000000000000E+000
 -3.169921875000000E-006    0.000000000000000E+000
 -3.121093750000000E-006    0.000000000000000E+000
 -3.072265625000000E-006    0.000000000000000E+000
 -3.023437500000000E-006    0.000000000000000E+000
 -2.974609375000000E-006    0.000000000000000E+000
 -2.925781250000000E-006    0.000000000000000E+000
 -2.876953125000000E-006    0.000000000000000E+000
 -2.828125000000000E-006    0.000000000000000E+000
 -2.779296875000000E-006    0.000000000000000E+000
 -2.730468750000000E-006    0.000000000000000E+000
 -2.681640625000000E-006    0.000000000000000E+000
 -2.632812500000000E-006    0.000000000000000E+000
 -2.583984375000000E-006    0.000000000000000E+000
 -2.535156250000000E-006    0.000000000000000E+000
 -2.486328125000000E-006    0.000000000000000E+000
 -2.437500000000000E-006    0.000000000000000E+000
 -2.388671875000000E-006    0.000000000000000E+000
 -2.339843750000000E-006    0.000000000000000E+000
 -2.291015625000000E-006    0.000000000000000E+000
 -2.242187499999999E-006    0.000000000000000E+000
 -2.193359375000000E-006    0.000000000000000E+000
 -2.144531250000000E-006    0.000000000000000E+000
 -2.095703124999999E-006    0.000000000000000E+000
 -2.046875000000000E-006    0.000000000000000E+000
 -1.998046875000000E-006    0.000000000000000E+000
 -1.949218750000000E-006    0.000000000000000E+000
 -1.900390625000000E-006    0.000000000000000E+000
 -1.851562500000000E-006    0.000000000000000E+000
 -1.802734375000000E-006    0.000000000000000E+000
 -1.753906250000000E-006    0.000000000000000E+000
 -1.705078125000000E-006    0.000000000000000E+000
 -1.656250000000000E-006    0.000000000000000E+000
 -1.607421875000000E-006    0.000000000000000E+000
 -1.558593750000000E-006    0.000000000000000E+000
 -1.509765625000000E-006    0.000000000000000E+000
 -1.460937500000000E-006    0.000000000000000E+000
 -1.412109375000000E-006    0.000000000000000E+000
 -1.363281250000000E-006    0.000000000000000E+000
 -1.314453125000000E-006    0.000000000000000E+000
 -1.265625000000000E-006    0.000000000000000E+000
 -1.216796875000000E-006    0.000000000000000E+000
 -1.167968750000000E-006    0.000000000000000E+000
 -1.119140625000000E-006    0.000000000000000E+000
 -1.070312500000000E-006    0.000000000000000E+000
 -1.021484375000000E-006    0.000000000000000E+000
 -9.726562499999995E-007    0.000000000000000E+000
 -9.238281249999998E-007    0.000000000000000E+000
 -8.749999999999997E-007    0.000000000000000E+000
 -8.261718749999995E-007    0.000000000000000E+000
 -7.773437499999998E-007    0.000000000000000E+000
 -7.285156249999997E-007    0.000000000000000E+000
 -6.796874999999996E-007    0.000000000000000E+000
 -6.308593749999995E-007    0.000000000000000E+000
 -5.820312499999997E-007    0.000000000000000E+000
 -5.332031249999996E-007    0.000000000000000E+000
 -4.843749999999995E-007    0.000000000000000E+000
 -4.355468749999998E-007    0.000000000000000E+000
 -3.867187499999997E-007    0.000000000000000E+000
 -3.378906249999995E-007    0.000000000000000E+000
 -2.890624999999998E-007    0.000000000000000E+000
 -2.402343749999997E-007    0.000000000000000E+000
 -1.914062499999996E-007    0.000000000000000E+000
 -1.425781249999994E-007    0.000000000000000E+000
 -9.374999999999974E-008    0.000000000000000E+000
 -4.492187500000003E-008    0.000000000000000E+000
  3.906250000000518E-009    0.000000000000000E+000
  5.273437500000022E-008    0.000000000000000E+000
  1.015625000000008E-007    0.000000000000000E+000
  1.503906250000005E-007    0.000000000000000E+000
  1.992187500000002E-007    0.000000000000000E+000
  2.480468750000007E-007    0.000000000000000E+000
  2.968750000000004E-007    0.000000000000000E+000
  3.457031250000001E-007    0.000000000000000E+000
  3.945312500000007E-007    0.000000000000000E+000
  4.433593750000004E-007    0.000000000000000E+000
  4.921875000000001E-007    0.000000000000000E+000
  5.410156250000007E-007    0.000000000000000E+000
  5.898437500000004E-007    0.000000000000000E+000
  6.386718750000001E-007    0.000000000000000E+000
  6.875000000000006E-007    0.000000000000000E+000
  7.363281250000003E-007    0.000000000000000E+000
  7.851562500000000E-007    0.000000000000000E+000
  8.339843750000006E-007    0.000000000000000E+000
  8.828125000000003E-007    0.000000000000000E+000
  9.316406250000008E-007    0.000000000000000E+000
  9.804687500000005E-007    0.000000000000000E+000
  1.029296875000000E-006    0.000000000000000E+000
  1.078125000000001E-006    0.000000000000000E+000
  1.126953125000000E-006    0.000000000000000E+000
  1.175781250000000E-006    0.000000000000000E+000
  1.224609375000001E-006    0.000000000000000E+000
  1.273437500000000E-006    0.000000000000000E+000
  1.322265625000000E-006    0.000000000000000E+000
  1.371093750000001E-006    0.000000000000000E+000
  1.419921875000000E-006    0.000000000000000E+000
  1.468750000000000E-006    0.000000000000000E+000
  1.517578125000001E-006    0.000000000000000E+000
  1.566406250000000E-006    0.000000000000000E+000
  1.615234375000000E-006    0.000000000000000E+000
  1.664062500000001E-006    0.000000000000000E+000
  1.712890625000000E-006    0.000000000000000E+000
  1.761718750000000E-006    0.000000000000000E+000
  1.810546875000001E-006    0.000000000000000E+000
  1.859375000000000E-006    0.000000000000000E+000
  1.908203125000001E-006    0.000000000000000E+000
  1.957031250000001E-006    0.000000000000000E+000
  2.005859375000000E-006    0.000000000000000E+000
  2.054687500000001E-006    0.000000000000000E+000
  2.103515625000001E-006    0.000000000000000E+000
  2.152343750000000E-006    0.000000000000000E+000
  2.201171875000001E-006    0.000000000000000E+000
  2.250000000000000E-006    0.000000000000000E+000
  2.298828125000000E-006    0.000000000000000E+000
  2.347656250000001E-006    0.000000000000000E+000
  2.396484375000000E-006    0.000000000000000E+000
  2.445312500000000E-006    0.000000000000000E+000
  2.494140625000001E-006    0.000000000000000E+000
  2.542968750000000E-006    0.000000000000000E+000
  2.591796875000000E-006    0.000000000000000E+000
  2.640625000000001E-006    0.000000000000000E+000
  2.689453125000000E-006    0.000000000000000E+000
  2.738281250000001E-006    0.000000000000000E+000
  2.787109375000001E-006    0.000000000000000E+000
  2.835937500000000E-006    0.000000000000000E+000
  2.884765625000001E-006    0.000000000000000E+000
  2.933593750000001E-006    0.000000000000000E+000
  2.982421875000000E-006    0.000000000000000E+000
  3.031250000000001E-006    0.000000000000000E+000
  3.080078125000001E-006    0.000000000000000E+000
  3.128906250000000E-006    0.000000000000000E+000
  3.177734375000001E-006    0.000000000000000E+000
  3.226562500000001E-006    0.000000000000000E+000
  3.275390625000000E-006    0.000000000000000E+000
  3.324218750000001E-006    9.999999682655225E-020
  3.373046875000000E-006    9.999999682655225E-020
  3.421875000000000E-006    3.000000034043538E-019
  3.470703125000001E-006    5.000000229068525E-019
  3.519531250000000E-006    9.000000102130615E-019
  3.568359375000000E-006    1.699999984825480E-018
  3.617187500000001E-006    3.099999966246605E-018
  3.666015625000001E-006    5.599999925684503E-018
  3.714843750000001E-006    9.999999837751590E-018
  3.763671875000001E-006    1.799999937708062E-017
  3.812500000000000E-006    3.210000098465132E-017
  3.861328125000000E-006    5.720000257918489E-017
  3.910156250000000E-006    1.012999987369267E-016
  3.958984375000001E-006    1.787999995474530E-016
  4.007812500000001E-006    3.140000104563954E-016
  4.056640625000001E-006    5.492000164341313E-016
  4.105468750000000E-006    9.562999856918683E-016
  4.154296875000000E-006    1.657999972768341E-015
  4.203125000000001E-006    2.862000026687271E-015
  4.251953125000001E-006    4.918799945802764E-015
  4.300781250000001E-006    8.417100228071649E-015
  4.349609375000000E-006    1.434079973370618E-014
  4.398437500000000E-006    2.432699969744621E-014
  4.447265625000000E-006    4.108759976673669E-014
  4.496093750000001E-006    6.909350072333356E-014
  4.544921875000001E-006    1.156820949796411E-013
  4.593750000000001E-006    1.928401963937829E-013
  4.642578125000000E-006    3.200593002433694E-013
  4.691406250000000E-006    5.288880227868886E-013
  4.740234375000000E-006    8.701542091038572E-013
  4.789062500000001E-006    1.425367961681301E-012
  4.837890625000001E-006    2.324635709621825E-012
  4.886718750000001E-006    3.774668511785650E-012
  4.935546875000000E-006    6.102356901044326E-012
  4.984375000000000E-006    9.822228967670821E-012
  5.033203125000001E-006    1.574037081231161E-011
  5.082031250000001E-006    2.511372360070041E-011
  5.130859375000001E-006    3.989304372953306E-011
  5.179687500000001E-006    6.309163608220203E-011
  5.228515625000000E-006    9.934218031526498E-011
  5.277343750000000E-006    1.557332596213712E-010
  5.326171875000001E-006    2.430599888025853E-010
  5.375000000000001E-006    3.776838841673680E-010
  5.423828125000001E-006    5.842850647752584E-010
  5.472656250000000E-006    8.999138101373205E-010
  5.521484375000000E-006    1.379924063904525E-009
  5.570312500000000E-006    2.106618879338384E-009
  5.619140625000001E-006    3.201779952277661E-009
  5.667968750000001E-006    4.844733947351187E-009
  5.716796875000001E-006    7.298263327015775E-009
  5.765625000000000E-006    1.094556800751434E-008
  5.814453125000000E-006    1.634272095429878E-008
  5.863281250000001E-006    2.429269052584004E-008
  5.912109375000001E-006    3.594926312189273E-008
  5.960937500000001E-006    5.296211469385526E-008
  6.009765625000001E-006    7.767823007043262E-008
  6.058593750000000E-006    1.134200147134834E-007
  6.107421875000000E-006    1.648671172915783E-007
  6.156250000000001E-006    2.385776838309539E-007
  6.205078125000001E-006    3.436960298586200E-007
  6.253906250000001E-006    4.929074748361018E-007
  6.302734375000001E-006    7.037197065073997E-007
  6.351562500000000E-006    1.000171664600202E-006
  6.400390625000000E-006    1.415099404766806E-006
  6.449218750000001E-006    1.993121259147301E-006
  6.498046875000001E-006    2.794548890960868E-006
  6.546875000000001E-006    3.900475348928012E-006
  6.595703125000000E-006    5.419356057245750E-006
  6.644531250000000E-006    7.495463705708971E-006
  6.693359375000000E-006    1.031967894959962E-005
  6.742187500000001E-006    1.414317102899076E-005
  6.791015625000001E-006    1.929461905092467E-005
  6.839843750000001E-006    2.620173654577229E-005
  6.888671875000000E-006    3.541799014783464E-005
  6.937500000000000E-006    4.765549965668470E-005
  6.986328125000001E-006    6.382524588843808E-005
  7.035156250000001E-006    8.508581231581047E-005
  7.083984375000001E-006    1.129019801737741E-004
  7.132812500000001E-006    1.491145812906325E-004
  7.181640625000000E-006    1.960229274118319E-004
  7.230468750000000E-006    2.564812311902642E-004
  7.279296875000001E-006    3.340101684443653E-004
  7.328125000000001E-006    4.329246003180742E-004
  7.376953125000001E-006    5.584780010394752E-004
  7.425781250000001E-006    7.170236203819513E-004
  7.474609375000000E-006    9.161916677840054E-004
  7.523437500000000E-006    1.165081048384309E-003
  7.572265625000001E-006    1.474463031627238E-003
  7.621093750000001E-006    1.856991671957076E-003
  7.669921875000000E-006    2.327417256310582E-003
  7.718750000000001E-006    2.902792301028967E-003
  7.767578124999999E-006    3.602663287892938E-003
  7.816406250000001E-006    4.449233878403902E-003
  7.865234375000002E-006    5.467484705150127E-003
  7.914062500000000E-006    6.685238797217607E-003
  7.962890625000001E-006    8.133142255246639E-003
  8.011718749999999E-006    9.844554588198662E-003
  8.060546875000001E-006    1.185531169176102E-002
  8.109375000000002E-006    1.420334726572037E-002
  8.158203125000000E-006    1.692815124988556E-002
  8.207031250000002E-006    2.007003314793110E-002
  8.255859375000000E-006    2.366918697953224E-002
  8.304687500000001E-006    2.776452153921127E-002
  8.353515624999999E-006    3.239227086305618E-002
  8.402343750000001E-006    3.758436813950539E-002
  8.451171875000002E-006    4.336658865213394E-002
  8.500000000000000E-006    4.975649714469910E-002
  8.548828125000001E-006    5.676120147109032E-002
  8.597656249999999E-006    6.437501311302185E-002
  8.646484375000001E-006    7.257699221372604E-002
  8.695312500000002E-006    8.132854104042053E-002
  8.744140625000000E-006    9.057109057903290E-002
  8.792968750000002E-006    0.100223965942860     
  8.841796875000000E-006    0.110182605683804     
  8.890625000000001E-006    0.120317213237286     
  8.939453125000002E-006    0.130471944808960     
  8.988281250000000E-006    0.140464901924133     
  9.037109375000002E-006    0.150088801980019     
  9.085937500000000E-006    0.159112676978111     
  9.134765625000001E-006    0.167284548282623     
  9.183593749999999E-006    0.174335166811943     
  9.232421875000001E-006    0.179982826113701     
  9.281250000000002E-006    0.183939293026924     
  9.330078125000000E-006    0.185916662216187     
  9.378906250000001E-006    0.185635194182396     
  9.427734374999999E-006    0.182831823825836     
  9.476562500000001E-006    0.177269160747528     
  9.525390625000002E-006    0.168744742870331     
  9.574218750000000E-006    0.157100319862366     
  9.623046875000002E-006    0.142230629920959     
  9.671875000000000E-006    0.124091491103172     
  9.720703125000001E-006    0.102706812322140     
  9.769531250000002E-006    7.817408442497253E-002
  9.818359375000000E-006    5.066819489002228E-002
  9.867187500000002E-006    2.044306509196758E-002
  9.916015625000000E-006   -1.216891501098871E-002
  9.964843750000001E-006   -4.675994813442230E-002
  1.001367187500000E-005   -8.285237848758698E-002
  1.006250000000000E-005   -0.119906745851040     
  1.011132812500000E-005   -0.157332226634026     
  1.016015625000000E-005   -0.194499164819717     
  1.020898437500000E-005   -0.230753496289253     
  1.025781250000000E-005   -0.265432596206665     
  1.030664062500000E-005   -0.297881990671158     
  1.035546875000000E-005   -0.327472537755966     
  1.040429687500000E-005   -0.353617489337921     
  1.045312500000000E-005   -0.375788599252701     
  1.050195312500000E-005   -0.393531203269958     
  1.055078125000000E-005   -0.406477093696594     
  1.059960937500000E-005   -0.414355307817459     
  1.064843750000000E-005   -0.416999995708466     
  1.069726562500000E-005   -0.414355307817459     
  1.074609375000000E-005   -0.406477093696594     
  1.079492187500000E-005   -0.393531203269958     
  1.084375000000000E-005   -0.375788599252701     
  1.089257812500000E-005   -0.353617489337921     
  1.094140625000000E-005   -0.327472537755966     
  1.099023437500000E-005   -0.297881990671158     
  1.103906250000000E-005   -0.265432596206665     
  1.108789062500000E-005   -0.230753496289253     
  1.113671875000000E-005   -0.194499164819717     
  1.118554687500000E-005   -0.157332226634026     
  1.123437500000000E-005   -0.119906745851040     
  1.128320312500000E-005   -8.285237848758698E-002
  1.133203125000000E-005   -4.675994813442230E-002
  1.138085937500000E-005   -1.216891501098871E-002
  1.142968750000000E-005    2.044306509196758E-002
  1.147851562500000E-005    5.066819489002228E-002
  1.152734375000000E-005    7.817408442497253E-002
  1.157617187500000E-005    0.102706812322140     
  1.162500000000000E-005    0.124091491103172     
  1.167382812500000E-005    0.142230629920959     
  1.172265625000000E-005    0.157100319862366     
  1.177148437500000E-005    0.168744742870331     
  1.182031250000000E-005    0.177269160747528     
  1.186914062500000E-005    0.182831823825836     
  1.191796875000000E-005    0.185635194182396     
  1.196679687500000E-005    0.185916662216187     
  1.201562500000000E-005    0.183939293026924     
  1.206445312500000E-005    0.179982826113701     
  1.211328125000000E-005    0.174335166811943     
  1.216210937500000E-005    0.167284548282623     
  1.221093750000000E-005    0.159112676978111     
  1.225976562500000E-005    0.150088801980019     
  1.230859375000000E-005    0.140464901924133     
  1.235742187500000E-005    0.130471944808960     
  1.240625000000000E-005    0.120317213237286     
  1.245507812500000E-005    0.110182613134384     
  1.250390625000000E-005    0.100223965942860     
  1.255273437500000E-005    9.057109057903290E-002
  1.260156250000000E-005    8.132854104042053E-002
  1.265039062500000E-005    7.257699221372604E-002
  1.269921875000000E-005    6.437501311302185E-002
  1.274804687500000E-005    5.676120147109032E-002
  1.279687500000000E-005    4.975649714469910E-002
  1.284570312500000E-005    4.336658865213394E-002
  1.289453125000000E-005    3.758436813950539E-002
  1.294335937500000E-005    3.239227086305618E-002
  1.299218750000000E-005    2.776452153921127E-002
  1.304101562500000E-005    2.366918697953224E-002
  1.308984375000000E-005    2.007003314793110E-002
  1.313867187500000E-005    1.692815124988556E-002
  1.318750000000000E-005    1.420334726572037E-002
  1.323632812500000E-005    1.185531169176102E-002
  1.328515625000000E-005    9.844554588198662E-003
  1.333398437500000E-005    8.133142255246639E-003
  1.338281250000000E-005    6.685238797217607E-003
  1.343164062500000E-005    5.467484705150127E-003
  1.348046875000000E-005    4.449233878403902E-003
  1.352929687500000E-005    3.602663287892938E-003
  1.357812500000000E-005    2.902792301028967E-003
  1.362695312500000E-005    2.327417256310582E-003
  1.367578125000000E-005    1.856991671957076E-003
  1.372460937500000E-005    1.474463031627238E-003
  1.377343750000000E-005    1.165081048384309E-003
  1.382226562500000E-005    9.161916677840054E-004
  1.387109375000000E-005    7.170236203819513E-004
  1.391992187500000E-005    5.584780010394752E-004
  1.396875000000000E-005    4.329246003180742E-004
  1.401757812500000E-005    3.340101684443653E-004
  1.406640625000000E-005    2.564812311902642E-004
  1.411523437500000E-005    1.960229274118319E-004
  1.416406250000000E-005    1.491145812906325E-004
  1.421289062500000E-005    1.129019801737741E-004
  1.426171875000000E-005    8.508581231581047E-005
  1.431054687500000E-005    6.382524588843808E-005
  1.435937500000000E-005    4.765549965668470E-005
  1.440820312500000E-005    3.541799014783464E-005
  1.445703125000000E-005    2.620173654577229E-005
  1.450585937500000E-005    1.929461905092467E-005
  1.455468750000000E-005    1.414317102899076E-005
  1.460351562500000E-005    1.031967894959962E-005
  1.465234375000000E-005    7.495463705708971E-006
  1.470117187500000E-005    5.419356057245750E-006
  1.475000000000000E-005    3.900475348928012E-006
  1.479882812500000E-005    2.794548890960868E-006
  1.484765625000000E-005    1.993121259147301E-006
  1.489648437500000E-005    1.415099404766806E-006
  1.494531250000000E-005    1.000171664600202E-006
  1.499414062500000E-005    7.037197065073997E-007
  1.504296875000000E-005    4.929074748361018E-007
  1.509179687500000E-005    3.436960298586200E-007
  1.514062500000000E-005    2.385776838309539E-007
  1.518945312500000E-005    1.648671172915783E-007
  1.523828125000000E-005    1.134200147134834E-007
  1.528710937500000E-005    7.767823007043262E-008
  1.533593750000000E-005    5.296211469385526E-008
  1.538476562500000E-005    3.594926312189273E-008
  1.543359375000000E-005    2.429269052584004E-008
  1.548242187500000E-005    1.634272095429878E-008
  1.553125000000000E-005    1.094556800751434E-008
  1.558007812500000E-005    7.298263327015775E-009
  1.562890625000000E-005    4.844733947351187E-009
  1.567773437500000E-005    3.201779952277661E-009
  1.572656250000000E-005    2.106618879338384E-009
  1.577539062500000E-005    1.379924063904525E-009
  1.582421875000000E-005    8.999138101373205E-010
  1.587304687500000E-005    5.842850647752584E-010
  1.592187500000000E-005    3.776838841673680E-010
  1.597070312500000E-005    2.430599888025853E-010
  1.601953125000000E-005    1.557332596213712E-010
  1.606835937500000E-005    9.934218031526498E-011
  1.611718750000000E-005    6.309163608220203E-011
  1.616601562500000E-005    3.989304372953306E-011
  1.621484375000000E-005    2.511372360070041E-011
  1.626367187500000E-005    1.574037081231161E-011
  1.631250000000000E-005    9.822228967670821E-012
  1.636132812500000E-005    6.102356901044326E-012
  1.641015625000000E-005    3.774668511785650E-012
  1.645898437500000E-005    2.324635709621825E-012
  1.650781250000000E-005    1.425367961681301E-012
  1.655664062500000E-005    8.701542091038572E-013
  1.660546875000000E-005    5.288880227868886E-013
  1.665429687500000E-005    3.200593002433694E-013
  1.670312500000000E-005    1.928401963937829E-013
  1.675195312500000E-005    1.156820949796411E-013
  1.680078125000000E-005    6.909350072333356E-014
  1.684960937500000E-005    4.108759976673669E-014
  1.689843750000000E-005    2.432699969744621E-014
  1.694726562500000E-005    1.434079973370618E-014
  1.699609375000000E-005    8.417100228071649E-015
  1.704492187500000E-005    4.918799945802764E-015
  1.709375000000000E-005    2.862000026687271E-015
  1.714257812500000E-005    1.657999972768341E-015
  1.719140625000000E-005    9.562999856918683E-016
  1.724023437500000E-005    5.492000164341313E-016
  1.728906250000000E-005    3.140000104563954E-016
  1.733789062500000E-005    1.787999995474530E-016
  1.738671875000000E-005    1.012999987369267E-016
  1.743554687500000E-005    5.720000257918489E-017
  1.748437500000000E-005    3.210000098465132E-017
  1.753320312500000E-005    1.799999937708062E-017
  1.758203125000000E-005    9.999999837751590E-018
  1.763085937500000E-005    5.599999925684503E-018
  1.767968750000000E-005    3.099999966246605E-018
  1.772851562500000E-005    1.699999984825480E-018
  1.777734375000000E-005    9.000000102130615E-019
  1.782617187500000E-005    5.000000229068525E-019
  1.787500000000000E-005    3.000000034043538E-019
  1.792382812500000E-005    9.999999682655225E-020
  1.797265625000000E-005    9.999999682655225E-020
  1.802148437500000E-005    0.000000000000000E+000
  1.807031250000000E-005    0.000000000000000E+000
  1.811914062500000E-005    0.000000000000000E+000
  1.816796875000000E-005    0.000000000000000E+000
  1.821679687500000E-005    0.000000000000000E+000
  1.826562500000000E-005    0.000000000000000E+000
  1.831445312500000E-005    0.000000000000000E+000
  1.836328125000000E-005    0.000000000000000E+000
  1.841210937500000E-005    0.000000000000000E+000
  1.846093750000000E-005    0.000000000000000E+000
  1.850976562500000E-005    0.000000000000000E+000
  1.855859375000000E-005    0.000000000000000E+000
  1.860742187500000E-005    0.000000000000000E+000
  1.865625000000000E-005    0.000000000000000E+000
  1.870507812500000E-005    0.000000000000000E+000
  1.875390625000000E-005    0.000000000000000E+000
  1.880273437500000E-005    0.000000000000000E+000
  1.885156250000000E-005    0.000000000000000E+000
  1.890039062500000E-005    0.000000000000000E+000
  1.894921875000000E-005    0.000000000000000E+000
  1.899804687500000E-005    0.000000000000000E+000
  1.904687500000000E-005    0.000000000000000E+000
  1.909570312500000E-005    0.000000000000000E+000
  1.914453125000000E-005    0.000000000000000E+000
  1.919335937500000E-005    0.000000000000000E+000
  1.924218750000000E-005    0.000000000000000E+000
  1.929101562500000E-005    0.000000000000000E+000
  1.933984375000000E-005    0.000000000000000E+000
  1.938867187500000E-005    0.000000000000000E+000
  1.943750000000000E-005    0.000000000000000E+000
  1.948632812500000E-005    0.000000000000000E+000
  1.953515625000000E-005    0.000000000000000E+000
  1.958398437500000E-005    0.000000000000000E+000
  1.963281250000000E-005    0.000000000000000E+000
  1.968164062500000E-005    0.000000000000000E+000
  1.973046875000000E-005    0.000000000000000E+000
  1.977929687500000E-005    0.000000000000000E+000
  1.982812500000000E-005    0.000000000000000E+000
  1.987695312500000E-005    0.000000000000000E+000
  1.992578125000000E-005    0.000000000000000E+000
  1.997460937500000E-005    0.000000000000000E+000
  2.002343750000000E-005    0.000000000000000E+000
  2.007226562500000E-005    0.000000000000000E+000
  2.012109375000000E-005    0.000000000000000E+000
  2.016992187500000E-005    0.000000000000000E+000
  2.021875000000000E-005    0.000000000000000E+000
  2.026757812500000E-005    0.000000000000000E+000
  2.031640625000000E-005    0.000000000000000E+000
  2.036523437500000E-005    0.000000000000000E+000
  2.041406250000000E-005    0.000000000000000E+000
  2.046289062500000E-005    0.000000000000000E+000
  2.051171875000000E-005    0.000000000000000E+000
  2.056054687500000E-005    0.000000000000000E+000
  2.060937500000000E-005    0.000000000000000E+000
  2.065820312500000E-005    0.000000000000000E+000
  2.070703125000000E-005    0.000000000000000E+000
  2.075585937500000E-005    0.000000000000000E+000
  2.080468750000000E-005    0.000000000000000E+000
  2.085351562500000E-005    0.000000000000000E+000
  2.090234375000000E-005    0.000000000000000E+000
  2.095117187500000E-005    0.000000000000000E+000
  2.100000000000000E-005    0.000000000000000E+000
  2.104882812500000E-005    0.000000000000000E+000
  2.109765625000000E-005    0.000000000000000E+000
  2.114648437500000E-005    0.000000000000000E+000
  2.119531250000000E-005    0.000000000000000E+000
  2.124414062500000E-005    0.000000000000000E+000
  2.129296875000000E-005    0.000000000000000E+000
  2.134179687500000E-005    0.000000000000000E+000
  2.139062500000000E-005    0.000000000000000E+000
  2.143945312500000E-005    0.000000000000000E+000
  2.148828125000000E-005    0.000000000000000E+000
  2.153710937500000E-005    0.000000000000000E+000
  2.158593750000000E-005    0.000000000000000E+000
  2.163476562500000E-005    0.000000000000000E+000
  2.168359375000000E-005    0.000000000000000E+000
  2.173242187500000E-005    0.000000000000000E+000
  2.178125000000000E-005    0.000000000000000E+000
  2.183007812500000E-005    0.000000000000000E+000
  2.187890625000000E-005    0.000000000000000E+000
  2.192773437500000E-005    0.000000000000000E+000
  2.197656250000000E-005    0.000000000000000E+000
  2.202539062500000E-005    0.000000000000000E+000
  2.207421875000000E-005    0.000000000000000E+000
  2.212304687500000E-005    0.000000000000000E+000
  2.217187500000000E-005    0.000000000000000E+000
  2.222070312500000E-005    0.000000000000000E+000
  2.226953125000000E-005    0.000000000000000E+000
  2.231835937500000E-005    0.000000000000000E+000
  2.236718750000000E-005    0.000000000000000E+000
  2.241601562500000E-005    0.000000000000000E+000
  2.246484375000000E-005    0.000000000000000E+000
  2.251367187500000E-005    0.000000000000000E+000
  2.256250000000000E-005    0.000000000000000E+000
  2.261132812500000E-005    0.000000000000000E+000
  2.266015625000000E-005    0.000000000000000E+000
  2.270898437500000E-005    0.000000000000000E+000
  2.275781250000000E-005    0.000000000000000E+000
  2.280664062500000E-005    0.000000000000000E+000
  2.285546875000000E-005    0.000000000000000E+000
  2.290429687500000E-005    0.000000000000000E+000
  2.295312500000000E-005    0.000000000000000E+000
  2.300195312500000E-005    0.000000000000000E+000
  2.305078125000000E-005    0.000000000000000E+000
  2.309960937500000E-005    0.000000000000000E+000
  2.314843750000000E-005    0.000000000000000E+000
  2.319726562500000E-005    0.000000000000000E+000
  2.324609375000000E-005    0.000000000000000E+000
  2.329492187500000E-005    0.000000000000000E+000
  2.334375000000000E-005    0.000000000000000E+000
  2.339257812500000E-005    0.000000000000000E+000
  2.344140625000000E-005    0.000000000000000E+000
  2.349023437500000E-005    0.000000000000000E+000
  2.353906250000000E-005    0.000000000000000E+000
  2.358789062500000E-005    0.000000000000000E+000
  2.363671875000000E-005    0.000000000000000E+000
  2.368554687500000E-005    0.000000000000000E+000
  2.373437500000000E-005    0.000000000000000E+000
  2.378320312500000E-005    0.000000000000000E+000
  2.383203125000000E-005    0.000000000000000E+000
  2.388085937500000E-005    0.000000000000000E+000
  2.392968750000000E-005    0.000000000000000E+000
  2.397851562500000E-005    0.000000000000000E+000
  2.402734375000000E-005    0.000000000000000E+000
  2.407617187500000E-005    0.000000000000000E+000
  2.412500000000000E-005    0.000000000000000E+000
  2.417382812500000E-005    0.000000000000000E+000
  2.422265625000000E-005    0.000000000000000E+000
  2.427148437500000E-005    0.000000000000000E+000
  2.432031250000000E-005    0.000000000000000E+000
  2.436914062500000E-005    0.000000000000000E+000
  2.441796875000000E-005    0.000000000000000E+000
  2.446679687500000E-005    0.000000000000000E+000
  2.451562500000000E-005    0.000000000000000E+000
  2.456445312500000E-005    0.000000000000000E+000
  2.461328125000000E-005    0.000000000000000E+000
  2.466210937500000E-005    0.000000000000000E+000
  2.471093750000000E-005    0.000000000000000E+000
  2.475976562500000E-005    0.000000000000000E+000
  2.480859375000000E-005    0.000000000000000E+000
  2.485742187500000E-005    0.000000000000000E+000
  2.490625000000000E-005    0.000000000000000E+000
  2.495507812500000E-005    0.000000000000000E+000
  2.500390625000000E-005    0.000000000000000E+000
  2.505273437500000E-005    0.000000000000000E+000
  2.510156250000000E-005    0.000000000000000E+000
  2.515039062500000E-005    0.000000000000000E+000
  2.519921875000000E-005    0.000000000000000E+000
  2.524804687500000E-005    0.000000000000000E+000
  2.529687500000000E-005    0.000000000000000E+000
  2.534570312500000E-005    0.000000000000000E+000
  2.539453125000000E-005    0.000000000000000E+000
  2.544335937500000E-005    0.000000000000000E+000
  2.549218750000000E-005    0.000000000000000E+000
  2.554101562500000E-005    0.000000000000000E+000
  2.558984375000000E-005    0.000000000000000E+000
  2.563867187500000E-005    0.000000000000000E+000
  2.568750000000000E-005    0.000000000000000E+000
  2.573632812500000E-005    0.000000000000000E+000
  2.578515625000000E-005    0.000000000000000E+000
  2.583398437500000E-005    0.000000000000000E+000
  2.588281250000000E-005    0.000000000000000E+000
  2.593164062500000E-005    0.000000000000000E+000
  2.598046875000000E-005    0.000000000000000E+000
  2.602929687500000E-005    0.000000000000000E+000
  2.607812500000000E-005    0.000000000000000E+000
  2.612695312500000E-005    0.000000000000000E+000
  2.617578125000000E-005    0.000000000000000E+000
  2.622460937500000E-005    0.000000000000000E+000
  2.627343750000000E-005    0.000000000000000E+000
  2.632226562500000E-005    0.000000000000000E+000
  2.637109375000000E-005    0.000000000000000E+000
  2.641992187500000E-005    0.000000000000000E+000
  2.646875000000000E-005    0.000000000000000E+000
  2.651757812500000E-005    0.000000000000000E+000
  2.656640625000000E-005    0.000000000000000E+000
  2.661523437500000E-005    0.000000000000000E+000
  2.666406250000001E-005    0.000000000000000E+000
  2.671289062500000E-005    0.000000000000000E+000
  2.676171875000000E-005    0.000000000000000E+000
  2.681054687500000E-005    0.000000000000000E+000
  2.685937500000000E-005    0.000000000000000E+000
  2.690820312500001E-005    0.000000000000000E+000
  2.695703125000000E-005    0.000000000000000E+000
  2.700585937500000E-005    0.000000000000000E+000
  2.705468750000000E-005    0.000000000000000E+000
  2.710351562500000E-005    0.000000000000000E+000
  2.715234375000001E-005    0.000000000000000E+000
  2.720117187500000E-005    0.000000000000000E+000
  2.725000000000000E-005    0.000000000000000E+000
  2.729882812500000E-005    0.000000000000000E+000
  2.734765625000000E-005    0.000000000000000E+000
  2.739648437500001E-005    0.000000000000000E+000
  2.744531250000000E-005    0.000000000000000E+000
  2.749414062500000E-005    0.000000000000000E+000
  2.754296875000000E-005    0.000000000000000E+000
  2.759179687500000E-005    0.000000000000000E+000
  2.764062500000000E-005    0.000000000000000E+000
  2.768945312500000E-005    0.000000000000000E+000
  2.773828125000000E-005    0.000000000000000E+000
  2.778710937500000E-005    0.000000000000000E+000
  2.783593750000000E-005    0.000000000000000E+000
  2.788476562500000E-005    0.000000000000000E+000
  2.793359375000000E-005    0.000000000000000E+000
  2.798242187500000E-005    0.000000000000000E+000
  2.803125000000000E-005    0.000000000000000E+000
  2.808007812500001E-005    0.000000000000000E+000
  2.812890625000000E-005    0.000000000000000E+000
  2.817773437500000E-005    0.000000000000000E+000
  2.822656250000000E-005    0.000000000000000E+000
  2.827539062500000E-005    0.000000000000000E+000
  2.832421875000001E-005    0.000000000000000E+000
  2.837304687500000E-005    0.000000000000000E+000
  2.842187500000000E-005    0.000000000000000E+000
  2.847070312500000E-005    0.000000000000000E+000
  2.851953125000000E-005    0.000000000000000E+000
  2.856835937500001E-005    0.000000000000000E+000
  2.861718750000000E-005    0.000000000000000E+000
  2.866601562500000E-005    0.000000000000000E+000
  2.871484375000000E-005    0.000000000000000E+000
  2.876367187500000E-005    0.000000000000000E+000
  2.881250000000001E-005    0.000000000000000E+000
  2.886132812500000E-005    0.000000000000000E+000
  2.891015625000000E-005    0.000000000000000E+000
  2.895898437500000E-005    0.000000000000000E+000
  2.900781250000000E-005    0.000000000000000E+000
  2.905664062500001E-005    0.000000000000000E+000
  2.910546875000000E-005    0.000000000000000E+000
  2.915429687500000E-005    0.000000000000000E+000
  2.920312500000000E-005    0.000000000000000E+000
  2.925195312500000E-005    0.000000000000000E+000
  2.930078125000000E-005    0.000000000000000E+000
  2.934960937500000E-005    0.000000000000000E+000
  2.939843750000000E-005    0.000000000000000E+000
  2.944726562500000E-005    0.000000000000000E+000
  2.949609375000001E-005    0.000000000000000E+000
  2.954492187500000E-005    0.000000000000000E+000
  2.959375000000000E-005    0.000000000000000E+000
  2.964257812500000E-005    0.000000000000000E+000
  2.969140625000000E-005    0.000000000000000E+000
  2.974023437500001E-005    0.000000000000000E+000
  2.978906250000000E-005    0.000000000000000E+000
  2.983789062500000E-005    0.000000000000000E+000
  2.988671875000000E-005    0.000000000000000E+000
  2.993554687500000E-005    0.000000000000000E+000
  2.998437500000001E-005    0.000000000000000E+000
  3.003320312500000E-005    0.000000000000000E+000
  3.008203125000000E-005    0.000000000000000E+000
  3.013085937500000E-005    0.000000000000000E+000
  3.017968750000000E-005    0.000000000000000E+000
  3.022851562500001E-005    0.000000000000000E+000
  3.027734375000000E-005    0.000000000000000E+000
  3.032617187500000E-005    0.000000000000000E+000
  3.037500000000000E-005    0.000000000000000E+000
  3.042382812500000E-005    0.000000000000000E+000
  3.047265625000001E-005    0.000000000000000E+000
  3.052148437500000E-005    0.000000000000000E+000
  3.057031250000000E-005    0.000000000000000E+000
  3.061914062500000E-005    0.000000000000000E+000
  3.066796875000000E-005    0.000000000000000E+000
  3.071679687500000E-005    0.000000000000000E+000
  3.076562500000000E-005    0.000000000000000E+000
  3.081445312500000E-005    0.000000000000000E+000
  3.086328125000000E-005    0.000000000000000E+000
  3.091210937500000E-005    0.000000000000000E+000
  3.096093750000000E-005    0.000000000000000E+000
  3.100976562500000E-005    0.000000000000000E+000
  3.105859375000000E-005    0.000000000000000E+000
  3.110742187500000E-005    0.000000000000000E+000
  3.115625000000000E-005    0.000000000000000E+000
  3.120507812500000E-005    0.000000000000000E+000
  3.125390625000000E-005    0.000000000000000E+000
  3.130273437500000E-005    0.000000000000000E+000
  3.135156250000000E-005    0.000000000000000E+000
  3.140039062500000E-005    0.000000000000000E+000
  3.144921875000000E-005    0.000000000000000E+000
  3.149804687500000E-005    0.000000000000000E+000
  3.154687500000000E-005    0.000000000000000E+000
  3.159570312500000E-005    0.000000000000000E+000
  3.164453125000000E-005    0.000000000000000E+000
  3.169335937500000E-005    0.000000000000000E+000
  3.174218750000000E-005    0.000000000000000E+000
  3.179101562500000E-005    0.000000000000000E+000
  3.183984375000000E-005    0.000000000000000E+000
  3.188867187500000E-005    0.000000000000000E+000
  3.193750000000000E-005    0.000000000000000E+000
  3.198632812500000E-005    0.000000000000000E+000
  3.203515625000000E-005    0.000000000000000E+000
  3.208398437500000E-005    0.000000000000000E+000
  3.213281250000000E-005    0.000000000000000E+000
  3.218164062500000E-005    0.000000000000000E+000
  3.223046875000000E-005    0.000000000000000E+000
  3.227929687500000E-005    0.000000000000000E+000
  3.232812500000000E-005    0.000000000000000E+000
  3.237695312500000E-005    0.000000000000000E+000
  3.242578125000000E-005    0.000000000000000E+000
  3.247460937500000E-005    0.000000000000000E+000
  3.252343750000000E-005    0.000000000000000E+000
  3.257226562500000E-005    0.000000000000000E+000
  3.262109375000000E-005    0.000000000000000E+000
  3.266992187500000E-005    0.000000000000000E+000
  3.271875000000000E-005    0.000000000000000E+000
  3.276757812500000E-005    0.000000000000000E+000
  3.281640625000000E-005    0.000000000000000E+000
  3.286523437500000E-005    0.000000000000000E+000
  3.291406250000000E-005    0.000000000000000E+000
  3.296289062500000E-005    0.000000000000000E+000
  3.301171875000000E-005    0.000000000000000E+000
  3.306054687500000E-005    0.000000000000000E+000
  3.310937500000000E-005    0.000000000000000E+000
  3.315820312500000E-005    0.000000000000000E+000
  3.320703125000000E-005    0.000000000000000E+000
  3.325585937500000E-005    0.000000000000000E+000
  3.330468750000000E-005    0.000000000000000E+000
  3.335351562500000E-005    0.000000000000000E+000
  3.340234375000000E-005    0.000000000000000E+000
  3.345117187500000E-005    0.000000000000000E+000
  3.350000000000000E-005    0.000000000000000E+000
  3.354882812500000E-005    0.000000000000000E+000
  3.359765625000000E-005    0.000000000000000E+000
  3.364648437500000E-005    0.000000000000000E+000
  3.369531250000000E-005    0.000000000000000E+000
  3.374414062500000E-005    0.000000000000000E+000
  3.379296875000000E-005    0.000000000000000E+000
  3.384179687500000E-005    0.000000000000000E+000
  3.389062500000000E-005    0.000000000000000E+000
  3.393945312500000E-005    0.000000000000000E+000
  3.398828125000000E-005    0.000000000000000E+000
  3.403710937500000E-005    0.000000000000000E+000
  3.408593750000000E-005    0.000000000000000E+000
  3.413476562500000E-005    0.000000000000000E+000
  3.418359375000000E-005    0.000000000000000E+000
  3.423242187500000E-005    0.000000000000000E+000
  3.428125000000000E-005    0.000000000000000E+000
  3.433007812500000E-005    0.000000000000000E+000
  3.437890625000000E-005    0.000000000000000E+000
  3.442773437500000E-005    0.000000000000000E+000
  3.447656250000000E-005    0.000000000000000E+000
  3.452539062500000E-005    0.000000000000000E+000
  3.457421875000000E-005    0.000000000000000E+000
  3.462304687500000E-005    0.000000000000000E+000
  3.467187500000000E-005    0.000000000000000E+000
  3.472070312500000E-005    0.000000000000000E+000
  3.476953125000000E-005    0.000000000000000E+000
  3.481835937500000E-005    0.000000000000000E+000
  3.486718750000000E-005    0.000000000000000E+000
  3.491601562500000E-005    0.000000000000000E+000
  3.496484375000000E-005    0.000000000000000E+000
  3.501367187500000E-005    0.000000000000000E+000
  3.506250000000000E-005    0.000000000000000E+000
  3.511132812500000E-005    0.000000000000000E+000
  3.516015625000000E-005    0.000000000000000E+000
  3.520898437500000E-005    0.000000000000000E+000
  3.525781250000000E-005    0.000000000000000E+000
  3.530664062500000E-005    0.000000000000000E+000
  3.535546875000000E-005    0.000000000000000E+000
  3.540429687500000E-005    0.000000000000000E+000
  3.545312500000000E-005    0.000000000000000E+000
  3.550195312500000E-005    0.000000000000000E+000
  3.555078125000000E-005    0.000000000000000E+000
  3.559960937500000E-005    0.000000000000000E+000
  3.564843750000000E-005    0.000000000000000E+000
  3.569726562500000E-005    0.000000000000000E+000
  3.574609375000000E-005    0.000000000000000E+000
  3.579492187500000E-005    0.000000000000000E+000
  3.584375000000000E-005    0.000000000000000E+000
  3.589257812500000E-005    0.000000000000000E+000
  3.594140625000000E-005    0.000000000000000E+000
  3.599023437500000E-005    0.000000000000000E+000
  3.603906250000000E-005    0.000000000000000E+000
  3.608789062500000E-005    0.000000000000000E+000
  3.613671875000000E-005    0.000000000000000E+000
  3.618554687500000E-005    0.000000000000000E+000
  3.623437500000000E-005    0.000000000000000E+000
  3.628320312500000E-005    0.000000000000000E+000
  3.633203125000000E-005    0.000000000000000E+000
  3.638085937500000E-005    0.000000000000000E+000
  3.642968750000000E-005    0.000000000000000E+000
  3.647851562500000E-005    0.000000000000000E+000
  3.652734375000000E-005    0.000000000000000E+000
  3.657617187500000E-005    0.000000000000000E+000
  3.662500000000000E-005    0.000000000000000E+000
  3.667382812500000E-005    0.000000000000000E+000
  3.672265625000000E-005    0.000000000000000E+000
  3.677148437500000E-005    0.000000000000000E+000
  3.682031250000000E-005    0.000000000000000E+000
  3.686914062500000E-005    0.000000000000000E+000
  3.691796875000000E-005    0.000000000000000E+000
  3.696679687500000E-005    0.000000000000000E+000
  3.701562500000000E-005    0.000000000000000E+000
  3.706445312500000E-005    0.000000000000000E+000
  3.711328125000000E-005    0.000000000000000E+000
  3.716210937500000E-005    0.000000000000000E+000
  3.721093750000000E-005    0.000000000000000E+000
  3.725976562500000E-005    0.000000000000000E+000
  3.730859375000000E-005    0.000000000000000E+000
  3.735742187500000E-005    0.000000000000000E+000
  3.740625000000000E-005    0.000000000000000E+000
  3.745507812500000E-005    0.000000000000000E+000
  3.750390625000000E-005    0.000000000000000E+000
  3.755273437500000E-005    0.000000000000000E+000
  3.760156250000000E-005    0.000000000000000E+000
  3.765039062500000E-005    0.000000000000000E+000
  3.769921875000000E-005    0.000000000000000E+000
  3.774804687500000E-005    0.000000000000000E+000
  3.779687500000000E-005    0.000000000000000E+000
  3.784570312500000E-005    0.000000000000000E+000
  3.789453125000000E-005    0.000000000000000E+000
  3.794335937500000E-005    0.000000000000000E+000
  3.799218750000000E-005    0.000000000000000E+000
  3.804101562500000E-005    0.000000000000000E+000
  3.808984375000000E-005    0.000000000000000E+000
  3.813867187500000E-005    0.000000000000000E+000
  3.818750000000000E-005    0.000000000000000E+000
  3.823632812500000E-005    0.000000000000000E+000
  3.828515625000000E-005    0.000000000000000E+000
  3.833398437500000E-005    0.000000000000000E+000
  3.838281250000000E-005    0.000000000000000E+000
  3.843164062500000E-005    0.000000000000000E+000
  3.848046875000000E-005    0.000000000000000E+000
  3.852929687500000E-005    0.000000000000000E+000
  3.857812500000000E-005    0.000000000000000E+000
  3.862695312500000E-005    0.000000000000000E+000
  3.867578125000000E-005    0.000000000000000E+000
  3.872460937500000E-005    0.000000000000000E+000
  3.877343750000000E-005    0.000000000000000E+000
  3.882226562500000E-005    0.000000000000000E+000
  3.887109375000000E-005    0.000000000000000E+000
  3.891992187500000E-005    0.000000000000000E+000
  3.896875000000000E-005    0.000000000000000E+000
  3.901757812500000E-005    0.000000000000000E+000
  3.906640625000000E-005    0.000000000000000E+000
  3.911523437500000E-005    0.000000000000000E+000
  3.916406250000000E-005    0.000000000000000E+000
  3.921289062500000E-005    0.000000000000000E+000
  3.926171875000000E-005    0.000000000000000E+000
  3.931054687500000E-005    0.000000000000000E+000
  3.935937500000000E-005    0.000000000000000E+000
  3.940820312500000E-005    0.000000000000000E+000
  3.945703125000000E-005    0.000000000000000E+000
  3.950585937500000E-005    0.000000000000000E+000
  3.955468750000000E-005    0.000000000000000E+000
  3.960351562500000E-005    0.000000000000000E+000
  3.965234375000000E-005    0.000000000000000E+000
  3.970117187500000E-005    0.000000000000000E+000
  3.975000000000000E-005    0.000000000000000E+000
  3.979882812500000E-005    0.000000000000000E+000
  3.984765625000000E-005    0.000000000000000E+000
  3.989648437500000E-005    0.000000000000000E+000
  3.994531250000000E-005    0.000000000000000E+000
  3.999414062500000E-005    0.000000000000000E+000
  4.004296875000000E-005    0.000000000000000E+000
  4.009179687500000E-005    0.000000000000000E+000
  4.014062500000000E-005    0.000000000000000E+000
  4.018945312500000E-005    0.000000000000000E+000
  4.023828125000000E-005    0.000000000000000E+000
  4.028710937500000E-005    0.000000000000000E+000
  4.033593750000000E-005    0.000000000000000E+000
  4.038476562500000E-005    0.000000000000000E+000
  4.043359375000000E-005    0.000000000000000E+000
  4.048242187500000E-005    0.000000000000000E+000
  4.053125000000000E-005    0.000000000000000E+000
  4.058007812500000E-005    0.000000000000000E+000
  4.062890625000000E-005    0.000000000000000E+000
  4.067773437500000E-005    0.000000000000000E+000
  4.072656250000000E-005    0.000000000000000E+000
  4.077539062500000E-005    0.000000000000000E+000
  4.082421875000000E-005    0.000000000000000E+000
  4.087304687500000E-005    0.000000000000000E+000
  4.092187500000000E-005    0.000000000000000E+000
  4.097070312500000E-005    0.000000000000000E+000
  4.101953125000000E-005    0.000000000000000E+000
  4.106835937500000E-005    0.000000000000000E+000
  4.111718750000000E-005    0.000000000000000E+000
  4.116601562500000E-005    0.000000000000000E+000
  4.121484375000000E-005    0.000000000000000E+000
  4.126367187500000E-005    0.000000000000000E+000
  4.131250000000000E-005    0.000000000000000E+000
  4.136132812500000E-005    0.000000000000000E+000
  4.141015625000000E-005    0.000000000000000E+000
  4.145898437500000E-005    0.000000000000000E+000
  4.150781250000000E-005    0.000000000000000E+000
  4.155664062500000E-005    0.000000000000000E+000
  4.160546875000000E-005    0.000000000000000E+000
  4.165429687500000E-005    0.000000000000000E+000
  4.170312500000000E-005    0.000000000000000E+000
  4.175195312500000E-005    0.000000000000000E+000
  4.180078125000000E-005    0.000000000000000E+000
  4.184960937500000E-005    0.000000000000000E+000
  4.189843750000000E-005    0.000000000000000E+000
  4.194726562500000E-005    0.000000000000000E+000
  4.199609375000000E-005    0.000000000000000E+000
  4.204492187500000E-005    0.000000000000000E+000
  4.209375000000000E-005    0.000000000000000E+000
  4.214257812500000E-005    0.000000000000000E+000
  4.219140625000000E-005    0.000000000000000E+000
  4.224023437500000E-005    0.000000000000000E+000
  4.228906250000000E-005    0.000000000000000E+000
  4.233789062500000E-005    0.000000000000000E+000
  4.238671875000000E-005    0.000000000000000E+000
  4.243554687500000E-005    0.000000000000000E+000
  4.248437500000000E-005    0.000000000000000E+000
  4.253320312500000E-005    0.000000000000000E+000
  4.258203125000000E-005    0.000000000000000E+000
  4.263085937500000E-005    0.000000000000000E+000
  4.267968750000000E-005    0.000000000000000E+000
  4.272851562500000E-005    0.000000000000000E+000
  4.277734375000000E-005    0.000000000000000E+000
  4.282617187500000E-005    0.000000000000000E+000
  4.287500000000000E-005    0.000000000000000E+000
  4.292382812500000E-005    0.000000000000000E+000
  4.297265625000000E-005    0.000000000000000E+000
  4.302148437500000E-005    0.000000000000000E+000
  4.307031250000000E-005    0.000000000000000E+000
  4.311914062500000E-005    0.000000000000000E+000
  4.316796875000000E-005    0.000000000000000E+000
  4.321679687500000E-005    0.000000000000000E+000
  4.326562500000000E-005    0.000000000000000E+000
  4.331445312500000E-005    0.000000000000000E+000
  4.336328125000000E-005    0.000000000000000E+000
  4.341210937500000E-005    0.000000000000000E+000
  4.346093750000000E-005    0.000000000000000E+000
  4.350976562500000E-005    0.000000000000000E+000
  4.355859375000000E-005    0.000000000000000E+000
  4.360742187500000E-005    0.000000000000000E+000
  4.365625000000000E-005    0.000000000000000E+000
  4.370507812500000E-005    0.000000000000000E+000
  4.375390625000000E-005    0.000000000000000E+000
  4.380273437500000E-005    0.000000000000000E+000
  4.385156250000000E-005    0.000000000000000E+000
  4.390039062500000E-005    0.000000000000000E+000
  4.394921875000000E-005    0.000000000000000E+000
  4.399804687500000E-005    0.000000000000000E+000
  4.404687500000000E-005    0.000000000000000E+000
  4.409570312500000E-005    0.000000000000000E+000
  4.414453125000000E-005    0.000000000000000E+000
  4.419335937500000E-005    0.000000000000000E+000
  4.424218750000000E-005    0.000000000000000E+000
  4.429101562500000E-005    0.000000000000000E+000
  4.433984375000000E-005    0.000000000000000E+000
  4.438867187500000E-005    0.000000000000000E+000
  4.443750000000000E-005    0.000000000000000E+000
  4.448632812500000E-005    0.000000000000000E+000
  4.453515625000000E-005    0.000000000000000E+000
  4.458398437500000E-005    0.000000000000000E+000
  4.463281250000000E-005    0.000000000000000E+000
  4.468164062500000E-005    0.000000000000000E+000
  4.473046875000000E-005    0.000000000000000E+000
  4.477929687500000E-005    0.000000000000000E+000
  4.482812500000000E-005    0.000000000000000E+000
  4.487695312500000E-005    0.000000000000000E+000
  4.492578125000000E-005    0.000000000000000E+000
  4.497460937500000E-005    0.000000000000000E+000
  4.502343750000000E-005    0.000000000000000E+000
  4.507226562500000E-005    0.000000000000000E+000
  4.512109375000000E-005    0.000000000000000E+000
  4.516992187500000E-005    0.000000000000000E+000
  4.521875000000000E-005    0.000000000000000E+000
  4.526757812500000E-005    0.000000000000000E+000
  4.531640625000000E-005    0.000000000000000E+000
  4.536523437500000E-005    0.000000000000000E+000
  4.541406250000000E-005    0.000000000000000E+000
  4.546289062500000E-005    0.000000000000000E+000
  4.551171875000000E-005    0.000000000000000E+000
  4.556054687500000E-005    0.000000000000000E+000
  4.560937500000000E-005    0.000000000000000E+000
  4.565820312500000E-005    0.000000000000000E+000
  4.570703125000000E-005    0.000000000000000E+000
  4.575585937500000E-005    0.000000000000000E+000
  4.580468750000000E-005    0.000000000000000E+000
  4.585351562500000E-005    0.000000000000000E+000
  4.590234375000000E-005    0.000000000000000E+000
  4.595117187500000E-005    0.000000000000000E+000
  4.600000000000000E-005    0.000000000000000E+000
  4.604882812500000E-005    0.000000000000000E+000
  4.609765625000000E-005    0.000000000000000E+000
  4.614648437500000E-005    0.000000000000000E+000
  4.619531250000000E-005    0.000000000000000E+000
  4.624414062500000E-005    0.000000000000000E+000
  4.629296875000000E-005    0.000000000000000E+000
  4.634179687500000E-005    0.000000000000000E+000
  4.639062500000000E-005    0.000000000000000E+000
  4.643945312500000E-005    0.000000000000000E+000
  4.648828125000000E-005    0.000000000000000E+000
  4.653710937500000E-005    0.000000000000000E+000
  4.658593750000000E-005    0.000000000000000E+000
  4.663476562500000E-005    0.000000000000000E+000
  4.668359375000000E-005    0.000000000000000E+000
  4.673242187500000E-005    0.000000000000000E+000
  4.678125000000000E-005    0.000000000000000E+000
  4.683007812500000E-005    0.000000000000000E+000
  4.687890625000000E-005    0.000000000000000E+000
  4.692773437500000E-005    0.000000000000000E+000
  4.697656250000000E-005    0.000000000000000E+000
  4.702539062500000E-005    0.000000000000000E+000
  4.707421875000000E-005    0.000000000000000E+000
  4.712304687500000E-005    0.000000000000000E+000
  4.717187500000000E-005    0.000000000000000E+000
  4.722070312500000E-005    0.000000000000000E+000
  4.726953125000000E-005    0.000000000000000E+000
  4.731835937500000E-005    0.000000000000000E+000
  4.736718750000000E-005    0.000000000000000E+000
  4.741601562500000E-005    0.000000000000000E+000
  4.746484375000000E-005    0.000000000000000E+000
  4.751367187500000E-005    0.000000000000000E+000
  4.756250000000000E-005    0.000000000000000E+000
  4.761132812500000E-005    0.000000000000000E+000
  4.766015625000000E-005    0.000000000000000E+000
  4.770898437500000E-005    0.000000000000000E+000
  4.775781250000000E-005    0.000000000000000E+000
  4.780664062500000E-005    0.000000000000000E+000
  4.785546875000000E-005    0.000000000000000E+000
  4.790429687500000E-005    0.000000000000000E+000
  4.795312500000000E-005    0.000000000000000E+000
  4.800195312500000E-005    0.000000000000000E+000
  4.805078125000000E-005    0.000000000000000E+000
  4.809960937500000E-005    0.000000000000000E+000
  4.814843750000000E-005    0.000000000000000E+000
  4.819726562500000E-005    0.000000000000000E+000
  4.824609375000000E-005    0.000000000000000E+000
  4.829492187500000E-005    0.000000000000000E+000
  4.834375000000000E-005    0.000000000000000E+000
  4.839257812500000E-005    0.000000000000000E+000
  4.844140625000000E-005    0.000000000000000E+000
  4.849023437500000E-005    0.000000000000000E+000
  4.853906250000000E-005    0.000000000000000E+000
  4.858789062500000E-005    0.000000000000000E+000
  4.863671875000000E-005    0.000000000000000E+000
  4.868554687500000E-005    0.000000000000000E+000
  4.873437500000000E-005    0.000000000000000E+000
  4.878320312500000E-005    0.000000000000000E+000
  4.883203125000000E-005    0.000000000000000E+000
  4.888085937500000E-005    0.000000000000000E+000
  4.892968750000000E-005    0.000000000000000E+000
  4.897851562500000E-005    0.000000000000000E+000
  4.902734375000000E-005    0.000000000000000E+000
  4.907617187500000E-005    0.000000000000000E+000
  4.912500000000000E-005    0.000000000000000E+000
  4.917382812500000E-005    0.000000000000000E+000
  4.922265625000000E-005    0.000000000000000E+000
  4.927148437500000E-005    0.000000000000000E+000
  4.932031250000000E-005    0.000000000000000E+000
  4.936914062500000E-005    0.000000000000000E+000
  4.941796875000000E-005    0.000000000000000E+000
  4.946679687500000E-005    0.000000000000000E+000
  4.951562500000000E-005    0.000000000000000E+000
  4.956445312500000E-005    0.000000000000000E+000
  4.961328125000000E-005    0.000000000000000E+000
  4.966210937500000E-005    0.000000000000000E+000
