 -4.000000000000000E-006    0.000000000000000E+000
 -3.951171875000000E-006    0.000000000000000E+000
 -3.902343750000000E-006    0.000000000000000E+000
 -3.853515625000000E-006    0.000000000000000E+000
 -3.804687500000000E-006    0.000000000000000E+000
 -3.755859375000000E-006    0.000000000000000E+000
 -3.707031250000000E-006    0.000000000000000E+000
 -3.658203125000000E-006    0.000000000000000E+000
 -3.609375000000000E-006    0.000000000000000E+000
 -3.560546875000000E-006    0.000000000000000E+000
 -3.511718750000000E-006    0.000000000000000E+000
 -3.462890625000000E-006    0.000000000000000E+000
 -3.414062500000000E-006    0.000000000000000E+000
 -3.365234375000000E-006    0.000000000000000E+000
 -3.316406250000000E-006    0.000000000000000E+000
 -3.267578125000000E-006    0.000000000000000E+000
 -3.218750000000000E-006    0.000000000000000E+000
 -3.169921875000000E-006    0.000000000000000E+000
 -3.121093750000000E-006    0.000000000000000E+000
 -3.072265625000000E-006    0.000000000000000E+000
 -3.023437500000000E-006    0.000000000000000E+000
 -2.974609375000000E-006    0.000000000000000E+000
 -2.925781250000000E-006    0.000000000000000E+000
 -2.876953125000000E-006    0.000000000000000E+000
 -2.828125000000000E-006    0.000000000000000E+000
 -2.779296875000000E-006    0.000000000000000E+000
 -2.730468750000000E-006    0.000000000000000E+000
 -2.681640625000000E-006    0.000000000000000E+000
 -2.632812500000000E-006    0.000000000000000E+000
 -2.583984375000000E-006    0.000000000000000E+000
 -2.535156250000000E-006    0.000000000000000E+000
 -2.486328125000000E-006    0.000000000000000E+000
 -2.437500000000000E-006    0.000000000000000E+000
 -2.388671875000000E-006    0.000000000000000E+000
 -2.339843750000000E-006    0.000000000000000E+000
 -2.291015625000000E-006    0.000000000000000E+000
 -2.242187499999999E-006    0.000000000000000E+000
 -2.193359375000000E-006    0.000000000000000E+000
 -2.144531250000000E-006    0.000000000000000E+000
 -2.095703124999999E-006    0.000000000000000E+000
 -2.046875000000000E-006    0.000000000000000E+000
 -1.998046875000000E-006    0.000000000000000E+000
 -1.949218750000000E-006    0.000000000000000E+000
 -1.900390625000000E-006    0.000000000000000E+000
 -1.851562500000000E-006    0.000000000000000E+000
 -1.802734375000000E-006    0.000000000000000E+000
 -1.753906250000000E-006    0.000000000000000E+000
 -1.705078125000000E-006    0.000000000000000E+000
 -1.656250000000000E-006    0.000000000000000E+000
 -1.607421875000000E-006    0.000000000000000E+000
 -1.558593750000000E-006    0.000000000000000E+000
 -1.509765625000000E-006    0.000000000000000E+000
 -1.460937500000000E-006    0.000000000000000E+000
 -1.412109375000000E-006    0.000000000000000E+000
 -1.363281250000000E-006    0.000000000000000E+000
 -1.314453125000000E-006    0.000000000000000E+000
 -1.265625000000000E-006    0.000000000000000E+000
 -1.216796875000000E-006    0.000000000000000E+000
 -1.167968750000000E-006    0.000000000000000E+000
 -1.119140625000000E-006    0.000000000000000E+000
 -1.070312500000000E-006    0.000000000000000E+000
 -1.021484375000000E-006    0.000000000000000E+000
 -9.726562499999995E-007    0.000000000000000E+000
 -9.238281249999998E-007    0.000000000000000E+000
 -8.749999999999997E-007    0.000000000000000E+000
 -8.261718749999995E-007    0.000000000000000E+000
 -7.773437499999998E-007    0.000000000000000E+000
 -7.285156249999997E-007    0.000000000000000E+000
 -6.796874999999996E-007    0.000000000000000E+000
 -6.308593749999995E-007    0.000000000000000E+000
 -5.820312499999997E-007    0.000000000000000E+000
 -5.332031249999996E-007    0.000000000000000E+000
 -4.843749999999995E-007    0.000000000000000E+000
 -4.355468749999998E-007    0.000000000000000E+000
 -3.867187499999997E-007    0.000000000000000E+000
 -3.378906249999995E-007    0.000000000000000E+000
 -2.890624999999998E-007    0.000000000000000E+000
 -2.402343749999997E-007    0.000000000000000E+000
 -1.914062499999996E-007    0.000000000000000E+000
 -1.425781249999994E-007    0.000000000000000E+000
 -9.374999999999974E-008    0.000000000000000E+000
 -4.492187500000003E-008    0.000000000000000E+000
  3.906250000000518E-009    0.000000000000000E+000
  5.273437500000022E-008    0.000000000000000E+000
  1.015625000000008E-007    0.000000000000000E+000
  1.503906250000005E-007    0.000000000000000E+000
  1.992187500000002E-007    0.000000000000000E+000
  2.480468750000007E-007    0.000000000000000E+000
  2.968750000000004E-007    0.000000000000000E+000
  3.457031250000001E-007    0.000000000000000E+000
  3.945312500000007E-007    0.000000000000000E+000
  4.433593750000004E-007    0.000000000000000E+000
  4.921875000000001E-007    0.000000000000000E+000
  5.410156250000007E-007    0.000000000000000E+000
  5.898437500000004E-007    0.000000000000000E+000
  6.386718750000001E-007    0.000000000000000E+000
  6.875000000000006E-007    0.000000000000000E+000
  7.363281250000003E-007    0.000000000000000E+000
  7.851562500000000E-007    0.000000000000000E+000
  8.339843750000006E-007    0.000000000000000E+000
  8.828125000000003E-007    0.000000000000000E+000
  9.316406250000008E-007    0.000000000000000E+000
  9.804687500000005E-007    0.000000000000000E+000
  1.029296875000000E-006    0.000000000000000E+000
  1.078125000000001E-006    0.000000000000000E+000
  1.126953125000000E-006    0.000000000000000E+000
  1.175781250000000E-006    0.000000000000000E+000
  1.224609375000001E-006    0.000000000000000E+000
  1.273437500000000E-006    0.000000000000000E+000
  1.322265625000000E-006    0.000000000000000E+000
  1.371093750000001E-006    0.000000000000000E+000
  1.419921875000000E-006    0.000000000000000E+000
  1.468750000000000E-006    0.000000000000000E+000
  1.517578125000001E-006    0.000000000000000E+000
  1.566406250000000E-006    0.000000000000000E+000
  1.615234375000000E-006    0.000000000000000E+000
  1.664062500000001E-006    0.000000000000000E+000
  1.712890625000000E-006    0.000000000000000E+000
  1.761718750000000E-006    0.000000000000000E+000
  1.810546875000001E-006    0.000000000000000E+000
  1.859375000000000E-006    0.000000000000000E+000
  1.908203125000001E-006    0.000000000000000E+000
  1.957031250000001E-006    0.000000000000000E+000
  2.005859375000000E-006    0.000000000000000E+000
  2.054687500000001E-006    0.000000000000000E+000
  2.103515625000001E-006    0.000000000000000E+000
  2.152343750000000E-006    0.000000000000000E+000
  2.201171875000001E-006    0.000000000000000E+000
  2.250000000000000E-006    0.000000000000000E+000
  2.298828125000000E-006    0.000000000000000E+000
  2.347656250000001E-006    0.000000000000000E+000
  2.396484375000000E-006    0.000000000000000E+000
  2.445312500000000E-006    0.000000000000000E+000
  2.494140625000001E-006    0.000000000000000E+000
  2.542968750000000E-006    0.000000000000000E+000
  2.591796875000000E-006    0.000000000000000E+000
  2.640625000000001E-006    0.000000000000000E+000
  2.689453125000000E-006    0.000000000000000E+000
  2.738281250000001E-006    0.000000000000000E+000
  2.787109375000001E-006    0.000000000000000E+000
  2.835937500000000E-006    0.000000000000000E+000
  2.884765625000001E-006    0.000000000000000E+000
  2.933593750000001E-006    0.000000000000000E+000
  2.982421875000000E-006    0.000000000000000E+000
  3.031250000000001E-006    0.000000000000000E+000
  3.080078125000001E-006    0.000000000000000E+000
  3.128906250000000E-006    0.000000000000000E+000
  3.177734375000001E-006    0.000000000000000E+000
  3.226562500000001E-006    0.000000000000000E+000
  3.275390625000000E-006    0.000000000000000E+000
  3.324218750000001E-006    0.000000000000000E+000
  3.373046875000000E-006    0.000000000000000E+000
  3.421875000000000E-006    0.000000000000000E+000
  3.470703125000001E-006    0.000000000000000E+000
  3.519531250000000E-006    0.000000000000000E+000
  3.568359375000000E-006    0.000000000000000E+000
  3.617187500000001E-006    0.000000000000000E+000
  3.666015625000001E-006    0.000000000000000E+000
  3.714843750000001E-006    0.000000000000000E+000
  3.763671875000001E-006    0.000000000000000E+000
  3.812500000000000E-006    0.000000000000000E+000
  3.861328125000000E-006    0.000000000000000E+000
  3.910156250000000E-006    0.000000000000000E+000
  3.958984375000001E-006    0.000000000000000E+000
  4.007812500000001E-006    0.000000000000000E+000
  4.056640625000001E-006    0.000000000000000E+000
  4.105468750000000E-006    0.000000000000000E+000
  4.154296875000000E-006    0.000000000000000E+000
  4.203125000000001E-006    0.000000000000000E+000
  4.251953125000001E-006    0.000000000000000E+000
  4.300781250000001E-006    0.000000000000000E+000
  4.349609375000000E-006    0.000000000000000E+000
  4.398437500000000E-006    0.000000000000000E+000
  4.447265625000000E-006    0.000000000000000E+000
  4.496093750000001E-006    0.000000000000000E+000
  4.544921875000001E-006    0.000000000000000E+000
  4.593750000000001E-006    0.000000000000000E+000
  4.642578125000000E-006    0.000000000000000E+000
  4.691406250000000E-006    0.000000000000000E+000
  4.740234375000000E-006    0.000000000000000E+000
  4.789062500000001E-006    0.000000000000000E+000
  4.837890625000001E-006    0.000000000000000E+000
  4.886718750000001E-006    0.000000000000000E+000
  4.935546875000000E-006    0.000000000000000E+000
  4.984375000000000E-006    0.000000000000000E+000
  5.033203125000001E-006    0.000000000000000E+000
  5.082031250000001E-006    0.000000000000000E+000
  5.130859375000001E-006    0.000000000000000E+000
  5.179687500000001E-006    0.000000000000000E+000
  5.228515625000000E-006    0.000000000000000E+000
  5.277343750000000E-006    0.000000000000000E+000
  5.326171875000001E-006    0.000000000000000E+000
  5.375000000000001E-006    0.000000000000000E+000
  5.423828125000001E-006    0.000000000000000E+000
  5.472656250000000E-006    0.000000000000000E+000
  5.521484375000000E-006    0.000000000000000E+000
  5.570312500000000E-006    0.000000000000000E+000
  5.619140625000001E-006    0.000000000000000E+000
  5.667968750000001E-006    0.000000000000000E+000
  5.716796875000001E-006    0.000000000000000E+000
  5.765625000000000E-006    0.000000000000000E+000
  5.814453125000000E-006    0.000000000000000E+000
  5.863281250000001E-006    0.000000000000000E+000
  5.912109375000001E-006    0.000000000000000E+000
  5.960937500000001E-006    0.000000000000000E+000
  6.009765625000001E-006    0.000000000000000E+000
  6.058593750000000E-006    0.000000000000000E+000
  6.107421875000000E-006    0.000000000000000E+000
  6.156250000000001E-006    0.000000000000000E+000
  6.205078125000001E-006    0.000000000000000E+000
  6.253906250000001E-006    0.000000000000000E+000
  6.302734375000001E-006    0.000000000000000E+000
  6.351562500000000E-006    0.000000000000000E+000
  6.400390625000000E-006    0.000000000000000E+000
  6.449218750000001E-006    0.000000000000000E+000
  6.498046875000001E-006    0.000000000000000E+000
  6.546875000000001E-006    0.000000000000000E+000
  6.595703125000000E-006    0.000000000000000E+000
  6.644531250000000E-006    0.000000000000000E+000
  6.693359375000000E-006    0.000000000000000E+000
  6.742187500000001E-006    0.000000000000000E+000
  6.791015625000001E-006    0.000000000000000E+000
  6.839843750000001E-006    0.000000000000000E+000
  6.888671875000000E-006    0.000000000000000E+000
  6.937500000000000E-006    0.000000000000000E+000
  6.986328125000001E-006    0.000000000000000E+000
  7.035156250000001E-006    0.000000000000000E+000
  7.083984375000001E-006    0.000000000000000E+000
  7.132812500000001E-006    0.000000000000000E+000
  7.181640625000000E-006    0.000000000000000E+000
  7.230468750000000E-006    0.000000000000000E+000
  7.279296875000001E-006    0.000000000000000E+000
  7.328125000000001E-006    0.000000000000000E+000
  7.376953125000001E-006    0.000000000000000E+000
  7.425781250000001E-006    0.000000000000000E+000
  7.474609375000000E-006    0.000000000000000E+000
  7.523437500000000E-006    0.000000000000000E+000
  7.572265625000001E-006    0.000000000000000E+000
  7.621093750000001E-006    0.000000000000000E+000
  7.669921875000000E-006    0.000000000000000E+000
  7.718750000000001E-006    0.000000000000000E+000
  7.767578124999999E-006    0.000000000000000E+000
  7.816406250000001E-006    0.000000000000000E+000
  7.865234375000002E-006    0.000000000000000E+000
  7.914062500000000E-006    0.000000000000000E+000
  7.962890625000001E-006    0.000000000000000E+000
  8.011718749999999E-006    0.000000000000000E+000
  8.060546875000001E-006    0.000000000000000E+000
  8.109375000000002E-006    0.000000000000000E+000
  8.158203125000000E-006    9.999999682655225E-020
  8.207031250000002E-006    9.999999682655225E-020
  8.255859375000000E-006    3.000000034043538E-019
  8.304687500000001E-006    5.000000229068525E-019
  8.353515624999999E-006    9.000000102130615E-019
  8.402343750000001E-006    1.599999949224836E-018
  8.451171875000002E-006    2.900000101840471E-018
  8.500000000000000E-006    5.300000129075302E-018
  8.548828125000001E-006    9.600000108939323E-018
  8.597656249999999E-006    1.729999943806884E-017
  8.646484375000001E-006    3.109999918107881E-017
  8.695312500000002E-006    5.550000083660061E-017
  8.744140625000000E-006    9.880000084544032E-017
  8.792968750000002E-006    1.751000008151687E-016
  8.841796875000000E-006    3.087999957838625E-016
  8.890625000000001E-006    5.423999829940146E-016
  8.939453125000002E-006    9.486999825726291E-016
  8.988281250000000E-006    1.651899959119571E-015
  9.037109375000002E-006    2.863899921587963E-015
  9.085937500000000E-006    4.943599799948949E-015
  9.134765625000001E-006    8.496400299626544E-015
  9.183593749999999E-006    1.453920026094156E-014
  9.232421875000001E-006    2.477140061542087E-014
  9.281250000000002E-006    4.202099958142483E-014
  9.330078125000000E-006    7.097219947155287E-014
  9.378906250000001E-006    1.193477960773418E-013
  9.427734374999999E-006    1.998221060188834E-013
  9.476562500000001E-006    3.331003008144595E-013
  9.525390625000002E-006    5.528506797324029E-013
  9.574218750000000E-006    9.135683745956080E-013
  9.623046875000002E-006    1.503050613659018E-012
  9.671875000000000E-006    2.462092595773013E-012
  9.720703125000001E-006    4.015431650378209E-012
  9.769531250000002E-006    6.520128621040344E-012
  9.818359375000000E-006    1.054083383078552E-011
  9.867187500000002E-006    1.696631030112528E-011
  9.916015625000000E-006    2.718894380471237E-011
  9.964843750000001E-006    4.337989342739768E-011
  1.001367187500000E-005    6.890877451981581E-011
  1.006250000000000E-005    1.089805884424422E-010
  1.011132812500000E-005    1.715975278537840E-010
  1.016015625000000E-005    2.690040135089333E-010
  1.020898437500000E-005    4.198467684624063E-010
  1.025781250000000E-005    6.523877549291512E-010
  1.030664062500000E-005    1.009257899475813E-009
  1.035546875000000E-005    1.554455453245396E-009
  1.040429687500000E-005    2.383595543165029E-009
  1.045312500000000E-005    3.638843004694081E-009
  1.050195312500000E-005    5.530556457244984E-009
  1.055078125000000E-005    8.368493453758674E-009
  1.059960937500000E-005    1.260656823376394E-008
  1.064843750000000E-005    1.890669842907755E-008
  1.069726562500000E-005    2.822940459168422E-008
  1.074609375000000E-005    4.196169101078340E-008
  1.079492187500000E-005    6.209653236055601E-008
  1.084375000000000E-005    9.148347857035333E-008
  1.089257812500000E-005    1.341765738516187E-007
  1.094140625000000E-005    1.959147084562574E-007
  1.099023437500000E-005    2.847812652362336E-007
  1.103906250000000E-005    4.121043559734971E-007
  1.108789062500000E-005    5.936792604188668E-007
  1.113671875000000E-005    8.514178944096784E-007
  1.118554687500000E-005    1.215561837852874E-006
  1.123437500000000E-005    1.727634639792086E-006
  1.128320312500000E-005    2.444355004627141E-006
  1.133203125000000E-005    3.442794422880979E-006
  1.138085937500000E-005    4.827130851481343E-006
  1.142968750000000E-005    6.737439889548114E-006
  1.147851562500000E-005    9.361060619994532E-006
  1.152734375000000E-005    1.294720004807459E-005
  1.157617187500000E-005    1.782557410479058E-005
  1.162500000000000E-005    2.443003904772922E-005
  1.167382812500000E-005    3.332833148306236E-005
  1.172265625000000E-005    4.525925760390237E-005
  1.177148437500000E-005    6.117884186096489E-005
  1.182031250000000E-005    8.231716492446139E-005
  1.186914062500000E-005    1.102477763197385E-004
  1.191796875000000E-005    1.469719572924078E-004
  1.196679687500000E-005    1.950198929989710E-004
  1.201562500000000E-005    2.575713151600212E-004
  1.206445312500000E-005    3.385978925507516E-004
  1.211328125000000E-005    4.430297994986176E-004
  1.216210937500000E-005    5.769485142081976E-004
  1.221093750000000E-005    7.478072075173259E-004
  1.225976562500000E-005    9.646803955547512E-004
  1.230859375000000E-005    1.238542259670794E-003
  1.235742187500000E-005    1.582572818733752E-003
  1.240625000000000E-005    2.012488897889853E-003
  1.245507812500000E-005    2.546896226704121E-003
  1.250390625000000E-005    3.207652596756816E-003
  1.255273437500000E-005    4.020236432552338E-003
  1.260156250000000E-005    5.014103837311268E-003
  1.265039062500000E-005    6.223017815500498E-003
  1.269921875000000E-005    7.685331162065268E-003
  1.274804687500000E-005    9.444194845855236E-003
  1.279687500000000E-005    1.154766790568829E-002
  1.284570312500000E-005    1.404868718236685E-002
  1.289453125000000E-005    1.700487546622753E-002
  1.294335937500000E-005    2.047813124954700E-002
  1.299218750000000E-005    2.453398331999779E-002
  1.304101562500000E-005    2.924064174294472E-002
  1.308984375000000E-005    3.466773405671120E-002
  1.313867187500000E-005    4.088468849658966E-002
  1.318750000000000E-005    4.795871675014496E-002
  1.323632812500000E-005    5.595240369439125E-002
  1.328515625000000E-005    6.492090970277786E-002
  1.333398437500000E-005    7.490876317024231E-002
  1.338281250000000E-005    8.594629168510437E-002
  1.343164062500000E-005    9.804578870534897E-002
  1.348046875000000E-005    0.111197412014008     
  1.352929687500000E-005    0.125365003943443     
  1.357812500000000E-005    0.140481889247894     
  1.362695312500000E-005    0.156446903944016     
  1.367578125000000E-005    0.173120677471161     
  1.372460937500000E-005    0.190322622656822     
  1.377343750000000E-005    0.207828506827354     
  1.382226562500000E-005    0.225369170308113     
  1.387109375000000E-005    0.242630392313004     
  1.391992187500000E-005    0.259254127740860     
  1.396875000000000E-005    0.274841398000717     
  1.401757812500000E-005    0.288956999778748     
  1.406640625000000E-005    0.301135778427124     
  1.411523437500000E-005    0.310891211032867     
  1.416406250000000E-005    0.317725330591202     
  1.421289062500000E-005    0.321140915155411     
  1.426171875000000E-005    0.320654749870300     
  1.431054687500000E-005    0.315812379121780     
  1.435937500000000E-005    0.306203782558441     
  1.440820312500000E-005    0.291479229927063     
  1.445703125000000E-005    0.271365374326706     
  1.450585937500000E-005    0.245680391788483     
  1.455468750000000E-005    0.214347973465919     
  1.460351562500000E-005    0.177409380674362     
  1.465234375000000E-005    0.135033071041107     
  1.470117187500000E-005    8.752110600471497E-002
  1.475000000000000E-005    3.531208634376526E-002
  1.479882812500000E-005   -2.101982943713665E-002
  1.484765625000000E-005   -8.077023923397064E-002
  1.489648437500000E-005   -0.143114075064659     
  1.494531250000000E-005   -0.207119494676590     
  1.499414062500000E-005   -0.271765947341919     
  1.504296875000000E-005   -0.335965812206268     
  1.509179687500000E-005   -0.398589313030243     
  1.514062500000000E-005   -0.458491861820221     
  1.518945312500000E-005   -0.514542937278748     
  1.523828125000000E-005   -0.565655827522278     
  1.528710937500000E-005   -0.610816955566406     
  1.533593750000000E-005   -0.649114012718201     
  1.538476562500000E-005   -0.679761469364166     
  1.543359375000000E-005   -0.702123403549194     
  1.548242187500000E-005   -0.715731739997864     
  1.553125000000000E-005   -0.720300018787384     
  1.558007812500000E-005   -0.715731739997864     
  1.562890625000000E-005   -0.702123403549194     
  1.567773437500000E-005   -0.679761469364166     
  1.572656250000000E-005   -0.649114012718201     
  1.577539062500000E-005   -0.610816955566406     
  1.582421875000000E-005   -0.565655827522278     
  1.587304687500000E-005   -0.514542937278748     
  1.592187500000000E-005   -0.458491861820221     
  1.597070312500000E-005   -0.398589313030243     
  1.601953125000000E-005   -0.335965812206268     
  1.606835937500000E-005   -0.271765947341919     
  1.611718750000000E-005   -0.207119494676590     
  1.616601562500000E-005   -0.143114075064659     
  1.621484375000000E-005   -8.077023923397064E-002
  1.626367187500000E-005   -2.101982943713665E-002
  1.631250000000000E-005    3.531208634376526E-002
  1.636132812500000E-005    8.752110600471497E-002
  1.641015625000000E-005    0.135033071041107     
  1.645898437500000E-005    0.177409380674362     
  1.650781250000000E-005    0.214347973465919     
  1.655664062500000E-005    0.245680391788483     
  1.660546875000000E-005    0.271365374326706     
  1.665429687500000E-005    0.291479229927063     
  1.670312500000000E-005    0.306203782558441     
  1.675195312500000E-005    0.315812379121780     
  1.680078125000000E-005    0.320654749870300     
  1.684960937500000E-005    0.321140915155411     
  1.689843750000000E-005    0.317725330591202     
  1.694726562500000E-005    0.310891211032867     
  1.699609375000000E-005    0.301135778427124     
  1.704492187500000E-005    0.288956999778748     
  1.709375000000000E-005    0.274841398000717     
  1.714257812500000E-005    0.259254127740860     
  1.719140625000000E-005    0.242630392313004     
  1.724023437500000E-005    0.225369170308113     
  1.728906250000000E-005    0.207828506827354     
  1.733789062500000E-005    0.190322622656822     
  1.738671875000000E-005    0.173120677471161     
  1.743554687500000E-005    0.156446903944016     
  1.748437500000000E-005    0.140481889247894     
  1.753320312500000E-005    0.125365003943443     
  1.758203125000000E-005    0.111197412014008     
  1.763085937500000E-005    9.804578870534897E-002
  1.767968750000000E-005    8.594629168510437E-002
  1.772851562500000E-005    7.490876317024231E-002
  1.777734375000000E-005    6.492090970277786E-002
  1.782617187500000E-005    5.595240369439125E-002
  1.787500000000000E-005    4.795871675014496E-002
  1.792382812500000E-005    4.088468849658966E-002
  1.797265625000000E-005    3.466773405671120E-002
  1.802148437500000E-005    2.924064174294472E-002
  1.807031250000000E-005    2.453398331999779E-002
  1.811914062500000E-005    2.047813124954700E-002
  1.816796875000000E-005    1.700487546622753E-002
  1.821679687500000E-005    1.404868718236685E-002
  1.826562500000000E-005    1.154766790568829E-002
  1.831445312500000E-005    9.444194845855236E-003
  1.836328125000000E-005    7.685331162065268E-003
  1.841210937500000E-005    6.223017815500498E-003
  1.846093750000000E-005    5.014103837311268E-003
  1.850976562500000E-005    4.020236432552338E-003
  1.855859375000000E-005    3.207652596756816E-003
  1.860742187500000E-005    2.546896226704121E-003
  1.865625000000000E-005    2.012488897889853E-003
  1.870507812500000E-005    1.582572818733752E-003
  1.875390625000000E-005    1.238542259670794E-003
  1.880273437500000E-005    9.646803955547512E-004
  1.885156250000000E-005    7.478072075173259E-004
  1.890039062500000E-005    5.769485142081976E-004
  1.894921875000000E-005    4.430297994986176E-004
  1.899804687500000E-005    3.385978925507516E-004
  1.904687500000000E-005    2.575713151600212E-004
  1.909570312500000E-005    1.950198929989710E-004
  1.914453125000000E-005    1.469719572924078E-004
  1.919335937500000E-005    1.102477763197385E-004
  1.924218750000000E-005    8.231716492446139E-005
  1.929101562500000E-005    6.117884186096489E-005
  1.933984375000000E-005    4.525925760390237E-005
  1.938867187500000E-005    3.332833148306236E-005
  1.943750000000000E-005    2.443003904772922E-005
  1.948632812500000E-005    1.782557410479058E-005
  1.953515625000000E-005    1.294720004807459E-005
  1.958398437500000E-005    9.361060619994532E-006
  1.963281250000000E-005    6.737439889548114E-006
  1.968164062500000E-005    4.827130851481343E-006
  1.973046875000000E-005    3.442794422880979E-006
  1.977929687500000E-005    2.444355004627141E-006
  1.982812500000000E-005    1.727634639792086E-006
  1.987695312500000E-005    1.215561837852874E-006
  1.992578125000000E-005    8.514178944096784E-007
  1.997460937500000E-005    5.936792604188668E-007
  2.002343750000000E-005    4.121043559734971E-007
  2.007226562500000E-005    2.847812652362336E-007
  2.012109375000000E-005    1.959147084562574E-007
  2.016992187500000E-005    1.341765738516187E-007
  2.021875000000000E-005    9.148347857035333E-008
  2.026757812500000E-005    6.209653236055601E-008
  2.031640625000000E-005    4.196169101078340E-008
  2.036523437500000E-005    2.822940459168422E-008
  2.041406250000000E-005    1.890669842907755E-008
  2.046289062500000E-005    1.260656823376394E-008
  2.051171875000000E-005    8.368493453758674E-009
  2.056054687500000E-005    5.530556457244984E-009
  2.060937500000000E-005    3.638843004694081E-009
  2.065820312500000E-005    2.383595543165029E-009
  2.070703125000000E-005    1.554455453245396E-009
  2.075585937500000E-005    1.009257899475813E-009
  2.080468750000000E-005    6.523877549291512E-010
  2.085351562500000E-005    4.198467684624063E-010
  2.090234375000000E-005    2.690040135089333E-010
  2.095117187500000E-005    1.715975278537840E-010
  2.100000000000000E-005    1.089805884424422E-010
  2.104882812500000E-005    6.890877451981581E-011
  2.109765625000000E-005    4.337989342739768E-011
  2.114648437500000E-005    2.718894380471237E-011
  2.119531250000000E-005    1.696631030112528E-011
  2.124414062500000E-005    1.054083383078552E-011
  2.129296875000000E-005    6.520128621040344E-012
  2.134179687500000E-005    4.015431650378209E-012
  2.139062500000000E-005    2.462092595773013E-012
  2.143945312500000E-005    1.503050613659018E-012
  2.148828125000000E-005    9.135683745956080E-013
  2.153710937500000E-005    5.528506797324029E-013
  2.158593750000000E-005    3.331003008144595E-013
  2.163476562500000E-005    1.998221060188834E-013
  2.168359375000000E-005    1.193477960773418E-013
  2.173242187500000E-005    7.097219947155287E-014
  2.178125000000000E-005    4.202099958142483E-014
  2.183007812500000E-005    2.477140061542087E-014
  2.187890625000000E-005    1.453920026094156E-014
  2.192773437500000E-005    8.496400299626544E-015
  2.197656250000000E-005    4.943599799948949E-015
  2.202539062500000E-005    2.863899921587963E-015
  2.207421875000000E-005    1.651899959119571E-015
  2.212304687500000E-005    9.486999825726291E-016
  2.217187500000000E-005    5.423999829940146E-016
  2.222070312500000E-005    3.087999957838625E-016
  2.226953125000000E-005    1.751000008151687E-016
  2.231835937500000E-005    9.880000084544032E-017
  2.236718750000000E-005    5.550000083660061E-017
  2.241601562500000E-005    3.109999918107881E-017
  2.246484375000000E-005    1.729999943806884E-017
  2.251367187500000E-005    9.600000108939323E-018
  2.256250000000000E-005    5.300000129075302E-018
  2.261132812500000E-005    2.900000101840471E-018
  2.266015625000000E-005    1.599999949224836E-018
  2.270898437500000E-005    9.000000102130615E-019
  2.275781250000000E-005    5.000000229068525E-019
  2.280664062500000E-005    3.000000034043538E-019
  2.285546875000000E-005    9.999999682655225E-020
  2.290429687500000E-005    9.999999682655225E-020
  2.295312500000000E-005    0.000000000000000E+000
  2.300195312500000E-005    0.000000000000000E+000
  2.305078125000000E-005    0.000000000000000E+000
  2.309960937500000E-005    0.000000000000000E+000
  2.314843750000000E-005    0.000000000000000E+000
  2.319726562500000E-005    0.000000000000000E+000
  2.324609375000000E-005    0.000000000000000E+000
  2.329492187500000E-005    0.000000000000000E+000
  2.334375000000000E-005    0.000000000000000E+000
  2.339257812500000E-005    0.000000000000000E+000
  2.344140625000000E-005    0.000000000000000E+000
  2.349023437500000E-005    0.000000000000000E+000
  2.353906250000000E-005    0.000000000000000E+000
  2.358789062500000E-005    0.000000000000000E+000
  2.363671875000000E-005    0.000000000000000E+000
  2.368554687500000E-005    0.000000000000000E+000
  2.373437500000000E-005    0.000000000000000E+000
  2.378320312500000E-005    0.000000000000000E+000
  2.383203125000000E-005    0.000000000000000E+000
  2.388085937500000E-005    0.000000000000000E+000
  2.392968750000000E-005    0.000000000000000E+000
  2.397851562500000E-005    0.000000000000000E+000
  2.402734375000000E-005    0.000000000000000E+000
  2.407617187500000E-005    0.000000000000000E+000
  2.412500000000000E-005    0.000000000000000E+000
  2.417382812500000E-005    0.000000000000000E+000
  2.422265625000000E-005    0.000000000000000E+000
  2.427148437500000E-005    0.000000000000000E+000
  2.432031250000000E-005    0.000000000000000E+000
  2.436914062500000E-005    0.000000000000000E+000
  2.441796875000000E-005    0.000000000000000E+000
  2.446679687500000E-005    0.000000000000000E+000
  2.451562500000000E-005    0.000000000000000E+000
  2.456445312500000E-005    0.000000000000000E+000
  2.461328125000000E-005    0.000000000000000E+000
  2.466210937500000E-005    0.000000000000000E+000
  2.471093750000000E-005    0.000000000000000E+000
  2.475976562500000E-005    0.000000000000000E+000
  2.480859375000000E-005    0.000000000000000E+000
  2.485742187500000E-005    0.000000000000000E+000
  2.490625000000000E-005    0.000000000000000E+000
  2.495507812500000E-005    0.000000000000000E+000
  2.500390625000000E-005    0.000000000000000E+000
  2.505273437500000E-005    0.000000000000000E+000
  2.510156250000000E-005    0.000000000000000E+000
  2.515039062500000E-005    0.000000000000000E+000
  2.519921875000000E-005    0.000000000000000E+000
  2.524804687500000E-005    0.000000000000000E+000
  2.529687500000000E-005    0.000000000000000E+000
  2.534570312500000E-005    0.000000000000000E+000
  2.539453125000000E-005    0.000000000000000E+000
  2.544335937500000E-005    0.000000000000000E+000
  2.549218750000000E-005    0.000000000000000E+000
  2.554101562500000E-005    0.000000000000000E+000
  2.558984375000000E-005    0.000000000000000E+000
  2.563867187500000E-005    0.000000000000000E+000
  2.568750000000000E-005    0.000000000000000E+000
  2.573632812500000E-005    0.000000000000000E+000
  2.578515625000000E-005    0.000000000000000E+000
  2.583398437500000E-005    0.000000000000000E+000
  2.588281250000000E-005    0.000000000000000E+000
  2.593164062500000E-005    0.000000000000000E+000
  2.598046875000000E-005    0.000000000000000E+000
  2.602929687500000E-005    0.000000000000000E+000
  2.607812500000000E-005    0.000000000000000E+000
  2.612695312500000E-005    0.000000000000000E+000
  2.617578125000000E-005    0.000000000000000E+000
  2.622460937500000E-005    0.000000000000000E+000
  2.627343750000000E-005    0.000000000000000E+000
  2.632226562500000E-005    0.000000000000000E+000
  2.637109375000000E-005    0.000000000000000E+000
  2.641992187500000E-005    0.000000000000000E+000
  2.646875000000000E-005    0.000000000000000E+000
  2.651757812500000E-005    0.000000000000000E+000
  2.656640625000000E-005    0.000000000000000E+000
  2.661523437500000E-005    0.000000000000000E+000
  2.666406250000001E-005    0.000000000000000E+000
  2.671289062500000E-005    0.000000000000000E+000
  2.676171875000000E-005    0.000000000000000E+000
  2.681054687500000E-005    0.000000000000000E+000
  2.685937500000000E-005    0.000000000000000E+000
  2.690820312500001E-005    0.000000000000000E+000
  2.695703125000000E-005    0.000000000000000E+000
  2.700585937500000E-005    0.000000000000000E+000
  2.705468750000000E-005    0.000000000000000E+000
  2.710351562500000E-005    0.000000000000000E+000
  2.715234375000001E-005    0.000000000000000E+000
  2.720117187500000E-005    0.000000000000000E+000
  2.725000000000000E-005    0.000000000000000E+000
  2.729882812500000E-005    0.000000000000000E+000
  2.734765625000000E-005    0.000000000000000E+000
  2.739648437500001E-005    0.000000000000000E+000
  2.744531250000000E-005    0.000000000000000E+000
  2.749414062500000E-005    0.000000000000000E+000
  2.754296875000000E-005    0.000000000000000E+000
  2.759179687500000E-005    0.000000000000000E+000
  2.764062500000000E-005    0.000000000000000E+000
  2.768945312500000E-005    0.000000000000000E+000
  2.773828125000000E-005    0.000000000000000E+000
  2.778710937500000E-005    0.000000000000000E+000
  2.783593750000000E-005    0.000000000000000E+000
  2.788476562500000E-005    0.000000000000000E+000
  2.793359375000000E-005    0.000000000000000E+000
  2.798242187500000E-005    0.000000000000000E+000
  2.803125000000000E-005    0.000000000000000E+000
  2.808007812500001E-005    0.000000000000000E+000
  2.812890625000000E-005    0.000000000000000E+000
  2.817773437500000E-005    0.000000000000000E+000
  2.822656250000000E-005    0.000000000000000E+000
  2.827539062500000E-005    0.000000000000000E+000
  2.832421875000001E-005    0.000000000000000E+000
  2.837304687500000E-005    0.000000000000000E+000
  2.842187500000000E-005    0.000000000000000E+000
  2.847070312500000E-005    0.000000000000000E+000
  2.851953125000000E-005    0.000000000000000E+000
  2.856835937500001E-005    0.000000000000000E+000
  2.861718750000000E-005    0.000000000000000E+000
  2.866601562500000E-005    0.000000000000000E+000
  2.871484375000000E-005    0.000000000000000E+000
  2.876367187500000E-005    0.000000000000000E+000
  2.881250000000001E-005    0.000000000000000E+000
  2.886132812500000E-005    0.000000000000000E+000
  2.891015625000000E-005    0.000000000000000E+000
  2.895898437500000E-005    0.000000000000000E+000
  2.900781250000000E-005    0.000000000000000E+000
  2.905664062500001E-005    0.000000000000000E+000
  2.910546875000000E-005    0.000000000000000E+000
  2.915429687500000E-005    0.000000000000000E+000
  2.920312500000000E-005    0.000000000000000E+000
  2.925195312500000E-005    0.000000000000000E+000
  2.930078125000000E-005    0.000000000000000E+000
  2.934960937500000E-005    0.000000000000000E+000
  2.939843750000000E-005    0.000000000000000E+000
  2.944726562500000E-005    0.000000000000000E+000
  2.949609375000001E-005    0.000000000000000E+000
  2.954492187500000E-005    0.000000000000000E+000
  2.959375000000000E-005    0.000000000000000E+000
  2.964257812500000E-005    0.000000000000000E+000
  2.969140625000000E-005    0.000000000000000E+000
  2.974023437500001E-005    0.000000000000000E+000
  2.978906250000000E-005    0.000000000000000E+000
  2.983789062500000E-005    0.000000000000000E+000
  2.988671875000000E-005    0.000000000000000E+000
  2.993554687500000E-005    0.000000000000000E+000
  2.998437500000001E-005    0.000000000000000E+000
  3.003320312500000E-005    0.000000000000000E+000
  3.008203125000000E-005    0.000000000000000E+000
  3.013085937500000E-005    0.000000000000000E+000
  3.017968750000000E-005    0.000000000000000E+000
  3.022851562500001E-005    0.000000000000000E+000
  3.027734375000000E-005    0.000000000000000E+000
  3.032617187500000E-005    0.000000000000000E+000
  3.037500000000000E-005    0.000000000000000E+000
  3.042382812500000E-005    0.000000000000000E+000
  3.047265625000001E-005    0.000000000000000E+000
  3.052148437500000E-005    0.000000000000000E+000
  3.057031250000000E-005    0.000000000000000E+000
  3.061914062500000E-005    0.000000000000000E+000
  3.066796875000000E-005    0.000000000000000E+000
  3.071679687500000E-005    0.000000000000000E+000
  3.076562500000000E-005    0.000000000000000E+000
  3.081445312500000E-005    0.000000000000000E+000
  3.086328125000000E-005    0.000000000000000E+000
  3.091210937500000E-005    0.000000000000000E+000
  3.096093750000000E-005    0.000000000000000E+000
  3.100976562500000E-005    0.000000000000000E+000
  3.105859375000000E-005    0.000000000000000E+000
  3.110742187500000E-005    0.000000000000000E+000
  3.115625000000000E-005    0.000000000000000E+000
  3.120507812500000E-005    0.000000000000000E+000
  3.125390625000000E-005    0.000000000000000E+000
  3.130273437500000E-005    0.000000000000000E+000
  3.135156250000000E-005    0.000000000000000E+000
  3.140039062500000E-005    0.000000000000000E+000
  3.144921875000000E-005    0.000000000000000E+000
  3.149804687500000E-005    0.000000000000000E+000
  3.154687500000000E-005    0.000000000000000E+000
  3.159570312500000E-005    0.000000000000000E+000
  3.164453125000000E-005    0.000000000000000E+000
  3.169335937500000E-005    0.000000000000000E+000
  3.174218750000000E-005    0.000000000000000E+000
  3.179101562500000E-005    0.000000000000000E+000
  3.183984375000000E-005    0.000000000000000E+000
  3.188867187500000E-005    0.000000000000000E+000
  3.193750000000000E-005    0.000000000000000E+000
  3.198632812500000E-005    0.000000000000000E+000
  3.203515625000000E-005    0.000000000000000E+000
  3.208398437500000E-005    0.000000000000000E+000
  3.213281250000000E-005    0.000000000000000E+000
  3.218164062500000E-005    0.000000000000000E+000
  3.223046875000000E-005    0.000000000000000E+000
  3.227929687500000E-005    0.000000000000000E+000
  3.232812500000000E-005    0.000000000000000E+000
  3.237695312500000E-005    0.000000000000000E+000
  3.242578125000000E-005    0.000000000000000E+000
  3.247460937500000E-005    0.000000000000000E+000
  3.252343750000000E-005    0.000000000000000E+000
  3.257226562500000E-005    0.000000000000000E+000
  3.262109375000000E-005    0.000000000000000E+000
  3.266992187500000E-005    0.000000000000000E+000
  3.271875000000000E-005    0.000000000000000E+000
  3.276757812500000E-005    0.000000000000000E+000
  3.281640625000000E-005    0.000000000000000E+000
  3.286523437500000E-005    0.000000000000000E+000
  3.291406250000000E-005    0.000000000000000E+000
  3.296289062500000E-005    0.000000000000000E+000
  3.301171875000000E-005    0.000000000000000E+000
  3.306054687500000E-005    0.000000000000000E+000
  3.310937500000000E-005    0.000000000000000E+000
  3.315820312500000E-005    0.000000000000000E+000
  3.320703125000000E-005    0.000000000000000E+000
  3.325585937500000E-005    0.000000000000000E+000
  3.330468750000000E-005    0.000000000000000E+000
  3.335351562500000E-005    0.000000000000000E+000
  3.340234375000000E-005    0.000000000000000E+000
  3.345117187500000E-005    0.000000000000000E+000
  3.350000000000000E-005    0.000000000000000E+000
  3.354882812500000E-005    0.000000000000000E+000
  3.359765625000000E-005    0.000000000000000E+000
  3.364648437500000E-005    0.000000000000000E+000
  3.369531250000000E-005    0.000000000000000E+000
  3.374414062500000E-005    0.000000000000000E+000
  3.379296875000000E-005    0.000000000000000E+000
  3.384179687500000E-005    0.000000000000000E+000
  3.389062500000000E-005    0.000000000000000E+000
  3.393945312500000E-005    0.000000000000000E+000
  3.398828125000000E-005    0.000000000000000E+000
  3.403710937500000E-005    0.000000000000000E+000
  3.408593750000000E-005    0.000000000000000E+000
  3.413476562500000E-005    0.000000000000000E+000
  3.418359375000000E-005    0.000000000000000E+000
  3.423242187500000E-005    0.000000000000000E+000
  3.428125000000000E-005    0.000000000000000E+000
  3.433007812500000E-005    0.000000000000000E+000
  3.437890625000000E-005    0.000000000000000E+000
  3.442773437500000E-005    0.000000000000000E+000
  3.447656250000000E-005    0.000000000000000E+000
  3.452539062500000E-005    0.000000000000000E+000
  3.457421875000000E-005    0.000000000000000E+000
  3.462304687500000E-005    0.000000000000000E+000
  3.467187500000000E-005    0.000000000000000E+000
  3.472070312500000E-005    0.000000000000000E+000
  3.476953125000000E-005    0.000000000000000E+000
  3.481835937500000E-005    0.000000000000000E+000
  3.486718750000000E-005    0.000000000000000E+000
  3.491601562500000E-005    0.000000000000000E+000
  3.496484375000000E-005    0.000000000000000E+000
  3.501367187500000E-005    0.000000000000000E+000
  3.506250000000000E-005    0.000000000000000E+000
  3.511132812500000E-005    0.000000000000000E+000
  3.516015625000000E-005    0.000000000000000E+000
  3.520898437500000E-005    0.000000000000000E+000
  3.525781250000000E-005    0.000000000000000E+000
  3.530664062500000E-005    0.000000000000000E+000
  3.535546875000000E-005    0.000000000000000E+000
  3.540429687500000E-005    0.000000000000000E+000
  3.545312500000000E-005    0.000000000000000E+000
  3.550195312500000E-005    0.000000000000000E+000
  3.555078125000000E-005    0.000000000000000E+000
  3.559960937500000E-005    0.000000000000000E+000
  3.564843750000000E-005    0.000000000000000E+000
  3.569726562500000E-005    0.000000000000000E+000
  3.574609375000000E-005    0.000000000000000E+000
  3.579492187500000E-005    0.000000000000000E+000
  3.584375000000000E-005    0.000000000000000E+000
  3.589257812500000E-005    0.000000000000000E+000
  3.594140625000000E-005    0.000000000000000E+000
  3.599023437500000E-005    0.000000000000000E+000
  3.603906250000000E-005    0.000000000000000E+000
  3.608789062500000E-005    0.000000000000000E+000
  3.613671875000000E-005    0.000000000000000E+000
  3.618554687500000E-005    0.000000000000000E+000
  3.623437500000000E-005    0.000000000000000E+000
  3.628320312500000E-005    0.000000000000000E+000
  3.633203125000000E-005    0.000000000000000E+000
  3.638085937500000E-005    0.000000000000000E+000
  3.642968750000000E-005    0.000000000000000E+000
  3.647851562500000E-005    0.000000000000000E+000
  3.652734375000000E-005    0.000000000000000E+000
  3.657617187500000E-005    0.000000000000000E+000
  3.662500000000000E-005    0.000000000000000E+000
  3.667382812500000E-005    0.000000000000000E+000
  3.672265625000000E-005    0.000000000000000E+000
  3.677148437500000E-005    0.000000000000000E+000
  3.682031250000000E-005    0.000000000000000E+000
  3.686914062500000E-005    0.000000000000000E+000
  3.691796875000000E-005    0.000000000000000E+000
  3.696679687500000E-005    0.000000000000000E+000
  3.701562500000000E-005    0.000000000000000E+000
  3.706445312500000E-005    0.000000000000000E+000
  3.711328125000000E-005    0.000000000000000E+000
  3.716210937500000E-005    0.000000000000000E+000
  3.721093750000000E-005    0.000000000000000E+000
  3.725976562500000E-005    0.000000000000000E+000
  3.730859375000000E-005    0.000000000000000E+000
  3.735742187500000E-005    0.000000000000000E+000
  3.740625000000000E-005    0.000000000000000E+000
  3.745507812500000E-005    0.000000000000000E+000
  3.750390625000000E-005    0.000000000000000E+000
  3.755273437500000E-005    0.000000000000000E+000
  3.760156250000000E-005    0.000000000000000E+000
  3.765039062500000E-005    0.000000000000000E+000
  3.769921875000000E-005    0.000000000000000E+000
  3.774804687500000E-005    0.000000000000000E+000
  3.779687500000000E-005    0.000000000000000E+000
  3.784570312500000E-005    0.000000000000000E+000
  3.789453125000000E-005    0.000000000000000E+000
  3.794335937500000E-005    0.000000000000000E+000
  3.799218750000000E-005    0.000000000000000E+000
  3.804101562500000E-005    0.000000000000000E+000
  3.808984375000000E-005    0.000000000000000E+000
  3.813867187500000E-005    0.000000000000000E+000
  3.818750000000000E-005    0.000000000000000E+000
  3.823632812500000E-005    0.000000000000000E+000
  3.828515625000000E-005    0.000000000000000E+000
  3.833398437500000E-005    0.000000000000000E+000
  3.838281250000000E-005    0.000000000000000E+000
  3.843164062500000E-005    0.000000000000000E+000
  3.848046875000000E-005    0.000000000000000E+000
  3.852929687500000E-005    0.000000000000000E+000
  3.857812500000000E-005    0.000000000000000E+000
  3.862695312500000E-005    0.000000000000000E+000
  3.867578125000000E-005    0.000000000000000E+000
  3.872460937500000E-005    0.000000000000000E+000
  3.877343750000000E-005    0.000000000000000E+000
  3.882226562500000E-005    0.000000000000000E+000
  3.887109375000000E-005    0.000000000000000E+000
  3.891992187500000E-005    0.000000000000000E+000
  3.896875000000000E-005    0.000000000000000E+000
  3.901757812500000E-005    0.000000000000000E+000
  3.906640625000000E-005    0.000000000000000E+000
  3.911523437500000E-005    0.000000000000000E+000
  3.916406250000000E-005    0.000000000000000E+000
  3.921289062500000E-005    0.000000000000000E+000
  3.926171875000000E-005    0.000000000000000E+000
  3.931054687500000E-005    0.000000000000000E+000
  3.935937500000000E-005    0.000000000000000E+000
  3.940820312500000E-005    0.000000000000000E+000
  3.945703125000000E-005    0.000000000000000E+000
  3.950585937500000E-005    0.000000000000000E+000
  3.955468750000000E-005    0.000000000000000E+000
  3.960351562500000E-005    0.000000000000000E+000
  3.965234375000000E-005    0.000000000000000E+000
  3.970117187500000E-005    0.000000000000000E+000
  3.975000000000000E-005    0.000000000000000E+000
  3.979882812500000E-005    0.000000000000000E+000
  3.984765625000000E-005    0.000000000000000E+000
  3.989648437500000E-005    0.000000000000000E+000
  3.994531250000000E-005    0.000000000000000E+000
  3.999414062500000E-005    0.000000000000000E+000
  4.004296875000000E-005    0.000000000000000E+000
  4.009179687500000E-005    0.000000000000000E+000
  4.014062500000000E-005    0.000000000000000E+000
  4.018945312500000E-005    0.000000000000000E+000
  4.023828125000000E-005    0.000000000000000E+000
  4.028710937500000E-005    0.000000000000000E+000
  4.033593750000000E-005    0.000000000000000E+000
  4.038476562500000E-005    0.000000000000000E+000
  4.043359375000000E-005    0.000000000000000E+000
  4.048242187500000E-005    0.000000000000000E+000
  4.053125000000000E-005    0.000000000000000E+000
  4.058007812500000E-005    0.000000000000000E+000
  4.062890625000000E-005    0.000000000000000E+000
  4.067773437500000E-005    0.000000000000000E+000
  4.072656250000000E-005    0.000000000000000E+000
  4.077539062500000E-005    0.000000000000000E+000
  4.082421875000000E-005    0.000000000000000E+000
  4.087304687500000E-005    0.000000000000000E+000
  4.092187500000000E-005    0.000000000000000E+000
  4.097070312500000E-005    0.000000000000000E+000
  4.101953125000000E-005    0.000000000000000E+000
  4.106835937500000E-005    0.000000000000000E+000
  4.111718750000000E-005    0.000000000000000E+000
  4.116601562500000E-005    0.000000000000000E+000
  4.121484375000000E-005    0.000000000000000E+000
  4.126367187500000E-005    0.000000000000000E+000
  4.131250000000000E-005    0.000000000000000E+000
  4.136132812500000E-005    0.000000000000000E+000
  4.141015625000000E-005    0.000000000000000E+000
  4.145898437500000E-005    0.000000000000000E+000
  4.150781250000000E-005    0.000000000000000E+000
  4.155664062500000E-005    0.000000000000000E+000
  4.160546875000000E-005    0.000000000000000E+000
  4.165429687500000E-005    0.000000000000000E+000
  4.170312500000000E-005    0.000000000000000E+000
  4.175195312500000E-005    0.000000000000000E+000
  4.180078125000000E-005    0.000000000000000E+000
  4.184960937500000E-005    0.000000000000000E+000
  4.189843750000000E-005    0.000000000000000E+000
  4.194726562500000E-005    0.000000000000000E+000
  4.199609375000000E-005    0.000000000000000E+000
  4.204492187500000E-005    0.000000000000000E+000
  4.209375000000000E-005    0.000000000000000E+000
  4.214257812500000E-005    0.000000000000000E+000
  4.219140625000000E-005    0.000000000000000E+000
  4.224023437500000E-005    0.000000000000000E+000
  4.228906250000000E-005    0.000000000000000E+000
  4.233789062500000E-005    0.000000000000000E+000
  4.238671875000000E-005    0.000000000000000E+000
  4.243554687500000E-005    0.000000000000000E+000
  4.248437500000000E-005    0.000000000000000E+000
  4.253320312500000E-005    0.000000000000000E+000
  4.258203125000000E-005    0.000000000000000E+000
  4.263085937500000E-005    0.000000000000000E+000
  4.267968750000000E-005    0.000000000000000E+000
  4.272851562500000E-005    0.000000000000000E+000
  4.277734375000000E-005    0.000000000000000E+000
  4.282617187500000E-005    0.000000000000000E+000
  4.287500000000000E-005    0.000000000000000E+000
  4.292382812500000E-005    0.000000000000000E+000
  4.297265625000000E-005    0.000000000000000E+000
  4.302148437500000E-005    0.000000000000000E+000
  4.307031250000000E-005    0.000000000000000E+000
  4.311914062500000E-005    0.000000000000000E+000
  4.316796875000000E-005    0.000000000000000E+000
  4.321679687500000E-005    0.000000000000000E+000
  4.326562500000000E-005    0.000000000000000E+000
  4.331445312500000E-005    0.000000000000000E+000
  4.336328125000000E-005    0.000000000000000E+000
  4.341210937500000E-005    0.000000000000000E+000
  4.346093750000000E-005    0.000000000000000E+000
  4.350976562500000E-005    0.000000000000000E+000
  4.355859375000000E-005    0.000000000000000E+000
  4.360742187500000E-005    0.000000000000000E+000
  4.365625000000000E-005    0.000000000000000E+000
  4.370507812500000E-005    0.000000000000000E+000
  4.375390625000000E-005    0.000000000000000E+000
  4.380273437500000E-005    0.000000000000000E+000
  4.385156250000000E-005    0.000000000000000E+000
  4.390039062500000E-005    0.000000000000000E+000
  4.394921875000000E-005    0.000000000000000E+000
  4.399804687500000E-005    0.000000000000000E+000
  4.404687500000000E-005    0.000000000000000E+000
  4.409570312500000E-005    0.000000000000000E+000
  4.414453125000000E-005    0.000000000000000E+000
  4.419335937500000E-005    0.000000000000000E+000
  4.424218750000000E-005    0.000000000000000E+000
  4.429101562500000E-005    0.000000000000000E+000
  4.433984375000000E-005    0.000000000000000E+000
  4.438867187500000E-005    0.000000000000000E+000
  4.443750000000000E-005    0.000000000000000E+000
  4.448632812500000E-005    0.000000000000000E+000
  4.453515625000000E-005    0.000000000000000E+000
  4.458398437500000E-005    0.000000000000000E+000
  4.463281250000000E-005    0.000000000000000E+000
  4.468164062500000E-005    0.000000000000000E+000
  4.473046875000000E-005    0.000000000000000E+000
  4.477929687500000E-005    0.000000000000000E+000
  4.482812500000000E-005    0.000000000000000E+000
  4.487695312500000E-005    0.000000000000000E+000
  4.492578125000000E-005    0.000000000000000E+000
  4.497460937500000E-005    0.000000000000000E+000
  4.502343750000000E-005    0.000000000000000E+000
  4.507226562500000E-005    0.000000000000000E+000
  4.512109375000000E-005    0.000000000000000E+000
  4.516992187500000E-005    0.000000000000000E+000
  4.521875000000000E-005    0.000000000000000E+000
  4.526757812500000E-005    0.000000000000000E+000
  4.531640625000000E-005    0.000000000000000E+000
  4.536523437500000E-005    0.000000000000000E+000
  4.541406250000000E-005    0.000000000000000E+000
  4.546289062500000E-005    0.000000000000000E+000
  4.551171875000000E-005    0.000000000000000E+000
  4.556054687500000E-005    0.000000000000000E+000
  4.560937500000000E-005    0.000000000000000E+000
  4.565820312500000E-005    0.000000000000000E+000
  4.570703125000000E-005    0.000000000000000E+000
  4.575585937500000E-005    0.000000000000000E+000
  4.580468750000000E-005    0.000000000000000E+000
  4.585351562500000E-005    0.000000000000000E+000
  4.590234375000000E-005    0.000000000000000E+000
  4.595117187500000E-005    0.000000000000000E+000
  4.600000000000000E-005    0.000000000000000E+000
  4.604882812500000E-005    0.000000000000000E+000
  4.609765625000000E-005    0.000000000000000E+000
  4.614648437500000E-005    0.000000000000000E+000
  4.619531250000000E-005    0.000000000000000E+000
  4.624414062500000E-005    0.000000000000000E+000
  4.629296875000000E-005    0.000000000000000E+000
  4.634179687500000E-005    0.000000000000000E+000
  4.639062500000000E-005    0.000000000000000E+000
  4.643945312500000E-005    0.000000000000000E+000
  4.648828125000000E-005    0.000000000000000E+000
  4.653710937500000E-005    0.000000000000000E+000
  4.658593750000000E-005    0.000000000000000E+000
  4.663476562500000E-005    0.000000000000000E+000
  4.668359375000000E-005    0.000000000000000E+000
  4.673242187500000E-005    0.000000000000000E+000
  4.678125000000000E-005    0.000000000000000E+000
  4.683007812500000E-005    0.000000000000000E+000
  4.687890625000000E-005    0.000000000000000E+000
  4.692773437500000E-005    0.000000000000000E+000
  4.697656250000000E-005    0.000000000000000E+000
  4.702539062500000E-005    0.000000000000000E+000
  4.707421875000000E-005    0.000000000000000E+000
  4.712304687500000E-005    0.000000000000000E+000
  4.717187500000000E-005    0.000000000000000E+000
  4.722070312500000E-005    0.000000000000000E+000
  4.726953125000000E-005    0.000000000000000E+000
  4.731835937500000E-005    0.000000000000000E+000
  4.736718750000000E-005    0.000000000000000E+000
  4.741601562500000E-005    0.000000000000000E+000
  4.746484375000000E-005    0.000000000000000E+000
  4.751367187500000E-005    0.000000000000000E+000
  4.756250000000000E-005    0.000000000000000E+000
  4.761132812500000E-005    0.000000000000000E+000
  4.766015625000000E-005    0.000000000000000E+000
  4.770898437500000E-005    0.000000000000000E+000
  4.775781250000000E-005    0.000000000000000E+000
  4.780664062500000E-005    0.000000000000000E+000
  4.785546875000000E-005    0.000000000000000E+000
  4.790429687500000E-005    0.000000000000000E+000
  4.795312500000000E-005    0.000000000000000E+000
  4.800195312500000E-005    0.000000000000000E+000
  4.805078125000000E-005    0.000000000000000E+000
  4.809960937500000E-005    0.000000000000000E+000
  4.814843750000000E-005    0.000000000000000E+000
  4.819726562500000E-005    0.000000000000000E+000
  4.824609375000000E-005    0.000000000000000E+000
  4.829492187500000E-005    0.000000000000000E+000
  4.834375000000000E-005    0.000000000000000E+000
  4.839257812500000E-005    0.000000000000000E+000
  4.844140625000000E-005    0.000000000000000E+000
  4.849023437500000E-005    0.000000000000000E+000
  4.853906250000000E-005    0.000000000000000E+000
  4.858789062500000E-005    0.000000000000000E+000
  4.863671875000000E-005    0.000000000000000E+000
  4.868554687500000E-005    0.000000000000000E+000
  4.873437500000000E-005    0.000000000000000E+000
  4.878320312500000E-005    0.000000000000000E+000
  4.883203125000000E-005    0.000000000000000E+000
  4.888085937500000E-005    0.000000000000000E+000
  4.892968750000000E-005    0.000000000000000E+000
  4.897851562500000E-005    0.000000000000000E+000
  4.902734375000000E-005    0.000000000000000E+000
  4.907617187500000E-005    0.000000000000000E+000
  4.912500000000000E-005    0.000000000000000E+000
  4.917382812500000E-005    0.000000000000000E+000
  4.922265625000000E-005    0.000000000000000E+000
  4.927148437500000E-005    0.000000000000000E+000
  4.932031250000000E-005    0.000000000000000E+000
  4.936914062500000E-005    0.000000000000000E+000
  4.941796875000000E-005    0.000000000000000E+000
  4.946679687500000E-005    0.000000000000000E+000
  4.951562500000000E-005    0.000000000000000E+000
  4.956445312500000E-005    0.000000000000000E+000
  4.961328125000000E-005    0.000000000000000E+000
  4.966210937500000E-005    0.000000000000000E+000
